File Size: 10000
Algorithm: Insertion Sort
26
178
181
245
266
358
379
529
687
727
798
866
1077
1209
1248
1292
1680
1781
1798
2049
2072
2129
2478
2545
2661
3004
3046
3076
3124
3264
3264
3278
3299
3397
3444
3508
3583
3583
3708
3798
3831
3953
3974
4005
4057
4464
4486
4519
4545
4581
4679
4686
5084
5429
5542
5548
5549
5619
5654
5667
5709
5745
5861
5912
6014
6124
6328
6365
6375
6467
6474
6823
6824
6866
7148
7166
7189
7242
7280
7582
7708
7910
7932
7991
8269
8411
8494
8992
9057
9154
9210
9493
9498
9623
9686
9830
9879
10118
10548
10593
10650
10723
10850
11004
11174
11183
11191
11226
11440
11619
11653
11853
11913
12086
12089
12362
12387
12653
12654
12750
12949
13002
13033
13081
13156
13204
13216
13303
13462
13473
13574
13598
13786
13871
14185
14228
14333
14355
14423
14473
14521
14665
14669
14751
14932
14955
15063
15073
15205
15211
15363
15391
15406
15584
15606
16154
16214
16419
16679
16713
16719
16804
16810
16996
17000
17153
17238
17250
18225
18565
18632
18664
18862
18863
19064
19071
19192
19212
19450
19480
19585
19777
19993
20051
20133
20340
20472
20627
20707
20772
20881
21070
21106
21241
21274
21346
21356
21366
21501
21515
21522
21655
21782
21814
21851
21859
22008
22056
22097
22130
22202
22251
22572
22654
22683
22776
22866
22966
22980
22996
23004
23491
23606
23674
23688
23758
23856
23933
23992
24129
24336
24370
24413
24469
24471
24473
24591
24852
24855
24881
24888
24890
25203
25408
25454
25471
25494
25498
25538
25664
26008
26029
26037
26201
26309
26355
26381
26425
26559
26563
26678
26996
27431
27536
27706
27715
27809
27834
27908
27963
28105
28127
28581
28605
28708
28724
28762
28869
28901
28951
29135
29298
29403
29421
29493
29720
29816
29837
29973
29998
30112
30226
30457
30518
30667
30733
30792
30987
31100
31105
31138
31201
31307
31362
31496
31564
31727
31756
31855
31884
31884
31900
31980
32033
32080
32132
32135
32178
32200
32251
32270
32462
32470
32535
32670
32706
32919
32950
32953
32969
33100
33301
33573
33794
33905
34146
34184
34188
34278
34470
34471
34488
34539
34683
34843
34925
35087
35141
35392
35462
35705
35741
35784
35904
36186
36229
36437
36485
36587
36891
36911
37324
37591
37674
37823
37869
37941
38013
38082
38144
38179
38303
38380
38793
38910
39036
39262
39339
39483
39485
39546
39647
39672
39690
39738
39746
39775
39956
40248
40286
40556
40565
40571
40651
40707
40726
40789
41023
41047
41081
41510
41574
41695
42318
42430
42488
42570
42702
43069
43163
43218
43291
43402
43684
43773
43838
44131
44332
44440
44548
44725
44896
44963
44963
44984
45103
45109
45208
45303
45323
45612
45635
45728
46000
46577
46601
46608
46745
46831
46882
46959
46985
47044
47203
47271
47347
47432
47478
47505
47513
47552
47663
47828
47832
47897
48452
48461
48477
48478
48560
48671
48959
48998
49019
49038
49141
49184
49262
49291
49297
49301
49453
49589
49610
49631
49671
49681
49721
49944
49974
50055
50071
50154
50179
50261
50307
50384
50721
50834
51089
51108
51119
51229
51303
51374
51387
51434
51438
51438
51485
51488
51796
52023
52129
52147
52151
52251
52264
52396
52777
52990
52992
53097
53448
53483
53693
53719
53822
53832
53842
53872
53890
53921
54422
54445
54579
54752
55124
55301
55366
55369
55447
55726
55856
55939
56027
56037
56276
56306
56378
56497
56528
56623
56634
56832
56863
57034
57126
57220
57416
57598
57811
57843
57917
58430
58462
58611
58635
58660
58686
58777
59447
59553
59708
59770
59810
59905
59912
59985
60006
60010
60271
60408
60430
60455
60487
60627
60658
60714
60840
60927
60938
60965
61031
61252
61269
61411
61411
61563
61636
61716
61724
61900
61924
62390
62482
62574
62848
62913
62916
63054
63154
63473
63535
63537
63575
63650
63713
63760
63893
64035
64114
64153
64215
64511
64661
64684
64722
64934
65041
65150
65273
65331
65338
65353
65386
65675
65840
66090
66157
66199
66421
66513
66606
66667
66690
66691
66941
66966
67058
67228
67247
67356
67369
67575
67647
67659
67717
67732
67780
67861
67867
68029
68058
68176
68195
68316
68459
68627
68657
68735
68793
68795
68993
69177
69196
69276
69281
69313
69353
69704
69748
69888
69951
70024
70034
70264
70307
70411
70507
70535
70734
70758
70772
70784
70806
70883
71132
71204
71211
71218
71301
71384
71485
71556
71569
71644
71706
71789
71875
71951
72252
72293
72421
72446
72639
72663
72756
72821
72937
72989
73055
73194
73234
73251
73259
73297
73316
73344
73353
73440
73499
73651
73686
73789
74063
74243
74404
74666
74680
74715
74858
74977
75022
75047
75252
75282
75327
75429
75634
75659
75893
76180
76202
76400
76552
76562
76584
76642
76695
76737
76748
77009
77207
77218
77235
77379
77503
77509
77873
77895
77949
78407
78447
78453
78500
78787
78826
78925
79111
79128
79216
79552
79554
79817
80029
80148
80422
80522
80874
81141
81231
81296
81360
81374
81430
81934
82224
82264
82377
82666
82794
82821
83026
83226
83304
83352
83391
83431
83499
83501
83602
83656
83762
83763
83849
83914
84011
84041
84130
84221
84326
84575
84656
84657
84731
84925
85015
85049
85361
85470
85760
85852
85858
85878
86164
86251
86254
86257
86337
86413
86432
86593
86596
86787
87077
87238
87249
87254
87259
87270
87337
87387
87390
87494
87535
87537
87678
87689
87784
87866
87879
87907
87969
88165
88200
88217
88286
88348
88421
88482
88520
88755
88780
88932
88988
89123
89127
89358
89401
89531
89667
89789
89810
89982
90081
90202
90229
90288
90305
90327
90330
90330
90415
90487
90797
91053
91095
91153
91213
91252
91280
91310
91448
91477
91515
91562
91634
91699
91808
91892
91919
92131
92273
92362
92387
92633
92648
92891
92911
93099
93227
93624
93634
93634
93737
93738
94011
94191
94427
94619
94654
94684
94825
94883
95003
95004
95038
95046
95111
95156
95357
95395
95593
95674
95769
95821
95839
95875
95996
96021
96090
96104
96107
96160
96190
96280
96329
96457
96465
96475
96636
96679
96696
96714
96746
96802
97023
97073
97135
97193
97339
97397
97786
97850
97853
97889
97898
97985
98235
98577
98612
98768
98827
98913
98991
99014
99102
99144
99288
99331
99348
99385
99478
99625
99672
99699
99909
99990
100091
100093
100208
100325
100423
100687
100795
100808
100965
101035
101046
101153
101284
101420
101465
101468
101469
101533
101650
101676
101694
101901
101919
101944
102188
102235
102267
102569
102570
102592
102674
103012
103204
103315
103409
103695
103998
104184
104186
104213
104303
104471
104655
104732
104769
104867
105019
105161
105169
105325
105366
105418
105428
105489
105515
105547
105651
105736
105818
106329
106374
106514
106653
106718
106806
106834
106906
106916
106917
107084
107352
107360
107389
107846
108085
108202
108224
108303
108313
108323
108430
108564
108634
108792
108814
108864
108931
109005
109194
109226
109287
109421
109640
109799
109847
109881
109926
109978
110177
110245
110278
110539
110676
110821
111097
111183
111331
111575
111870
111873
111956
112008
112034
112049
112265
112316
112323
112615
112940
113322
113393
113478
113501
113537
113583
113691
113796
113847
113856
113977
114042
114164
114242
114460
114506
114666
114964
114994
115002
115033
115038
115126
115134
115251
115281
115299
115305
115531
116080
116294
116483
116506
116570
116612
116662
116731
116838
116878
116890
116983
117485
117542
117542
117763
117784
118083
118104
118179
118449
118757
118809
118967
119164
119169
119174
119325
119352
119357
119410
119431
119534
119628
119835
119995
120003
120323
120362
120365
120414
120546
120832
120952
121016
121029
121104
121236
121405
121491
121510
121572
121662
121664
121729
121770
122184
122234
122410
122428
122479
122500
122641
122822
122859
122910
123072
123228
123231
123330
123384
123492
123526
123556
123580
123819
123834
123837
123879
124094
124096
124168
124394
124461
124488
124523
124569
124689
124723
124762
124834
124865
124923
125254
125274
125391
125477
125640
125766
125831
125843
125853
125968
126011
126045
126142
126280
126326
126405
126467
126528
126727
126892
127067
127134
127314
127333
127356
127435
127451
127540
127681
127748
127790
127794
127897
128306
128472
128612
128678
128679
128857
128961
129021
129137
129217
129251
129412
129454
129483
129571
129580
129588
129635
129689
129803
129846
129890
129959
130137
130554
130679
130781
130819
130900
130991
131010
131034
131191
131267
131370
131598
131664
132017
132104
132111
132364
132455
132460
132477
132479
132537
132600
132618
132715
132739
132746
133039
133133
133402
133462
133594
133617
133627
133635
133663
133807
134040
134041
134043
134046
134054
134099
134146
134248
134297
134301
134432
134517
134522
134628
134822
134898
135047
135501
135516
135658
135739
135854
136057
136066
136126
136317
136349
136572
136575
136623
136718
136773
136779
136878
136934
136965
137299
137465
137689
137702
137793
137874
137914
138036
138045
138064
138197
138229
138238
138296
138346
138452
138662
138712
138797
138980
139102
139484
139632
139712
139799
139923
140156
140226
140465
140500
140719
140732
140874
140902
140969
140970
141074
141247
141257
141385
141387
141455
141503
141669
141814
141817
141894
141905
141943
142009
142388
142416
142472
142495
142516
142650
142734
142752
142915
142988
143059
143072
143319
143393
143663
143693
143776
143780
143804
143863
144047
144271
144508
144647
144778
144946
145131
145228
145393
145432
145565
145642
145692
145801
145969
146072
146101
146127
146260
146338
146409
146614
146653
146825
146951
146976
146993
147174
147605
147845
147885
147982
147998
148022
148049
148080
148085
148151
148272
148341
148484
148590
148796
148977
149110
149199
149266
149353
149388
149538
149586
149606
149766
149817
149938
150026
150058
150104
150228
150387
150596
150634
150685
150879
150909
150938
150960
151086
151150
151206
151324
151357
151429
151500
151643
151800
151936
152052
152168
152170
152185
152322
152333
152463
152527
152546
152597
152716
153045
153055
153190
153205
153437
153463
153470
153558
153573
153675
153754
153804
153887
153945
154102
154612
154615
154621
154636
154848
154912
155060
155072
155172
155289
155727
155849
155899
155932
156037
156158
156296
156360
156406
156435
156612
156773
156916
156934
156935
156943
157112
157128
157274
157304
157450
157533
157681
157686
157757
157865
157994
158005
158035
158165
158197
158307
158362
158599
158690
158769
158775
158872
158972
159028
159053
159283
159299
159638
159650
159669
159711
159743
159886
159897
159950
160027
160277
160466
160553
160757
161276
161276
161402
161403
161422
161512
161810
161877
161949
162104
162403
162527
162631
162708
162719
162754
162793
162873
162917
162965
162992
163099
163457
163516
163630
163690
163880
164008
164149
164178
164229
164429
164472
164492
164637
164903
164960
165010
165017
165028
165036
165062
165466
165474
165508
165545
165634
165741
165805
165935
165963
165974
165984
166125
166431
166476
166628
166672
166730
166798
167124
167445
167454
167460
167530
167566
167689
167792
167825
167849
167877
167936
167941
167957
168044
168122
168337
168436
168442
168464
168512
168614
168630
168667
168720
168796
169128
169207
169366
169434
169621
169754
169886
170083
170130
170134
170227
170492
170741
170863
170882
171081
171233
171292
171353
171413
171419
171639
171655
171728
171784
171813
171846
171855
171886
171905
172044
172052
172101
172134
172200
172246
172274
172377
172452
172597
172633
173214
173284
173310
173551
173581
173767
173792
173900
173912
173915
174095
174189
174260
174537
174688
174919
175022
175071
175114
175172
175472
175870
176212
176642
176977
177016
177072
177093
177227
177271
177293
177321
177386
177534
177576
177822
177874
177941
178078
178207
178217
178255
178289
178341
178430
178480
178486
178607
178765
178799
178864
178901
179051
179072
179170
179206
179228
179301
179317
179484
179562
180332
180358
180442
180832
180917
180918
180980
180988
181188
181361
181800
181806
181871
182076
182328
182698
182920
183218
183223
183386
183517
183553
183695
183863
183917
183967
184097
184138
184327
184356
184603
184706
184796
184796
184801
184938
184948
184967
185195
185227
185501
185770
185786
185830
185915
186105
186254
186261
186362
186436
186455
186482
186570
186701
186759
186765
186793
186983
187007
187161
187427
187643
187685
187688
187737
187834
188170
188186
188338
188399
188423
188502
188528
188756
188768
189024
189134
189505
189577
189631
189803
189840
190161
190200
190256
190311
190341
190512
190686
190749
190808
190827
190840
190984
191133
191147
191173
191193
191248
191409
191419
191424
191484
191524
191705
191928
192118
192360
192374
192640
192749
192857
193075
193150
193246
193256
193397
193419
193461
193638
193643
193655
193776
194055
194201
194228
194245
194252
194310
194441
194715
194759
194967
194968
194999
195037
195081
195084
195193
195197
195224
195783
195802
195838
195970
195981
196037
196324
196426
196427
196439
196609
196618
196793
196810
196880
197181
197363
197439
197463
197646
197683
197812
198084
198140
198299
198333
198478
198527
198532
198551
198717
198910
198992
199054
199195
199223
199224
199336
199612
199651
199773
199790
199816
199844
199876
199931
200212
200342
200361
200706
200809
200923
200938
200941
201044
201047
201165
201303
201714
201833
202015
202051
202106
202371
202606
202960
203117
203185
203289
203380
203431
203438
203443
203449
203558
203584
203641
203713
203774
203789
203837
204015
204071
204356
204549
204729
204760
204799
204893
204900
204923
205009
205138
205216
205376
205526
205535
205568
205626
205737
205944
206682
206869
206930
207276
207337
207394
207502
207643
207721
207829
207865
208143
208197
208538
208543
208808
208892
209068
209074
209118
209262
209349
209367
209380
209496
209503
209511
209650
209655
209856
209964
210083
210115
210134
210256
210468
210620
210630
210632
210706
210809
210892
210918
211034
211059
211332
211541
211581
211585
211615
211640
211649
211698
211801
211875
211937
212091
212134
212433
212469
212527
213001
213076
213095
213258
213294
213362
213392
213644
213825
213933
214093
214128
214241
214431
214436
214652
214742
214775
214854
214911
214916
214939
214998
215240
215349
215482
215524
215525
215933
215951
216084
216449
216716
216977
217262
217278
217519
217536
217544
217548
217960
217980
218204
218347
218401
218486
219001
219172
219173
219284
219518
219616
219693
219741
219896
220112
220343
220380
220452
220511
220520
220624
220761
220985
221009
221062
221091
221204
221466
221858
221927
222018
222150
222206
222370
222375
222424
222576
222734
222909
222915
222964
223028
223083
223091
223123
223181
223186
223265
223339
223491
223492
223805
224066
224261
224304
224361
224499
224581
224670
224810
224984
224991
225075
225077
225102
225120
225121
225322
225452
225804
225822
225827
225896
226051
226102
226138
226309
226368
226531
226742
226958
227137
227234
227257
227376
227423
227599
227690
227807
227867
228085
228093
228213
228229
228275
228344
228366
228399
228412
228532
228593
228656
228695
228713
228803
228948
229110
229220
229241
229276
229578
229578
229739
229766
229807
229809
229839
229957
230047
230059
230068
230069
230167
230361
230373
230463
230653
230734
230765
230792
230819
230904
230970
231112
231167
231368
231411
231468
231663
231741
231991
232049
232161
232184
232311
232360
232632
232745
232759
232802
232863
232881
233048
233156
233178
233193
233241
233442
233895
233919
234013
234055
234252
234561
234677
234693
234715
234832
234872
234974
235008
235008
235102
235166
235177
235191
235201
235775
236114
236276
236291
236305
236308
236463
237017
237046
237199
237422
237482
237665
237770
237782
237862
237877
237986
238022
238040
238107
238148
238428
238446
238505
238755
238799
238835
239034
239035
239048
239153
239243
239285
239331
239333
239387
239389
239629
239639
239739
239898
240438
240486
240492
240543
240674
240775
240779
240791
241009
241012
241148
241270
241278
241398
241414
241572
241770
241843
241970
242005
242259
242353
242457
242510
242563
242980
243203
243208
243345
243357
243402
243504
243784
244253
244414
244493
244509
244584
244633
244732
244745
244838
244860
244866
244886
245133
245194
245292
245298
245333
245650
245659
245663
245685
245717
245733
245771
245861
245979
246102
246161
246331
246606
246683
246966
247072
247363
247450
247563
247666
247935
247985
248095
248208
248261
248297
248307
248350
248438
248509
248546
248612
248784
248889
248927
249019
249144
249273
249348
249388
249589
249633
249655
249741
250029
250065
250293
250306
250308
250459
250842
250907
250918
250925
250963
250977
251199
251217
251224
251336
251362
251402
251732
251786
251850
251980
252206
252210
252215
252287
252509
252532
252554
252574
252588
252607
252646
252910
253424
253472
253759
253816
253901
253994
253995
254151
254284
254355
254421
254681
254789
254969
254979
255416
255470
255591
255663
255692
255743
255962
256005
256063
256234
256243
256262
256268
256281
256334
256424
256727
257172
257331
257354
257686
257822
257829
257864
258151
258355
258396
258406
258477
258639
259026
259138
259258
259268
259621
259650
259699
260006
260076
260202
260280
260380
260440
260559
260595
261098
261122
261146
261297
261340
261342
261514
261563
261834
261839
262125
262126
262136
262182
262247
262333
262462
262617
262639
262732
262747
262796
262864
262918
262965
262984
263080
263450
263604
263642
263936
264107
264127
264217
264228
264244
264259
264349
264493
264498
264712
264946
264962
265022
265035
265294
265422
265452
265613
265748
265808
265886
265894
265937
266162
266166
266246
266278
266290
266407
266420
266610
266738
266749
266819
266906
266930
267098
267155
267206
267608
267744
267774
267781
268180
268310
268326
268458
268523
268660
268734
268805
268838
268884
268956
269095
269116
269235
269269
269382
269414
269536
269701
269806
269835
269853
269868
269938
269960
270019
270107
270183
270442
270576
270581
270640
270689
270755
270809
270867
270989
271096
271116
271343
271472
271539
271617
271759
272011
272569
272671
272741
272920
272948
273361
273763
273768
273817
273817
273904
273966
274045
274104
274203
274298
274309
274370
274396
274443
274726
274781
274922
274970
275230
275250
275277
275277
275303
275330
275832
276029
276096
276223
276268
276346
276352
276428
276436
276514
276525
276544
276651
276902
277088
277104
277201
277214
277282
277330
277415
277416
277705
277747
277777
277900
277972
278050
278300
278503
278659
278799
279221
279279
279353
279504
279516
279532
279536
279593
279619
279670
279957
280110
280179
280219
280484
280603
280683
280704
280778
280979
281117
281181
281374
281378
281387
281460
281482
281550
281668
281723
281950
282084
282239
282360
282405
282559
282568
282707
282802
282842
282921
282959
282978
283164
283182
283274
283389
283776
284013
284228
284254
284300
284614
284638
284693
284819
284972
285009
285077
285096
285130
285131
285197
285251
285282
285414
285455
285605
285654
285707
285811
286115
286118
286145
286207
286227
286446
286723
286732
286971
286986
287004
287095
287112
287223
287411
287501
287773
287800
288008
288058
288186
288206
288265
288268
288307
288576
288612
288667
288692
288829
288912
289135
289156
289518
289624
289787
289814
289847
290059
290079
290390
290450
290543
290551
290808
290944
290949
290960
291222
291225
291340
291366
291450
291476
291476
291634
291692
291707
291884
291911
292243
292306
292508
292529
292692
292715
292860
292981
293078
293255
293338
293385
293386
293404
293448
293484
293584
293585
293598
293672
293772
293784
293945
294005
294346
294515
294798
294921
294948
294993
294995
295265
295300
295397
295704
295826
295900
295959
295983
296112
296234
296243
296314
296359
296445
296454
296517
296647
296750
296763
296788
296918
296986
297134
297212
297249
297252
297328
297433
297467
297483
297517
297529
298133
298229
298286
298357
298543
298599
298652
299001
299082
299089
299190
299283
299411
299451
299674
299681
299687
299756
299833
299838
300113
300253
300466
300471
300513
300644
300714
300799
300809
300952
301013
301165
301219
301363
301402
301417
301643
301660
301790
301825
301909
301988
302017
302020
302073
302135
302191
302213
302239
302245
302322
302358
302510
302684
302702
302805
303118
303166
303393
303539
303610
303805
304016
304030
304240
304452
304543
304568
304808
304833
305109
305247
305395
305416
305418
305521
305552
305663
305679
305684
305711
305816
306080
306258
306279
306612
306827
307045
307060
307174
307381
307520
307537
307565
307848
307967
308047
308070
308124
308302
308316
308416
308577
308644
308668
308677
309279
309394
309430
309544
309578
309580
309668
309705
310047
310203
310203
310335
310339
310359
310425
310692
310709
310803
310880
311077
311089
311117
311158
311272
311302
311304
311315
311441
311451
311496
311498
311498
311820
311823
311838
311864
312190
312221
312394
312399
312593
312632
312849
312912
313061
313137
313179
313208
313296
313461
313723
313796
313862
313867
313880
314011
314027
314119
314138
314159
314192
314354
314658
314685
314771
314796
314821
314852
315011
315264
315268
315536
315698
315725
315991
316426
316479
316482
316747
316933
316958
317018
317088
317185
317479
317537
317549
317623
317635
317679
317687
317796
317832
317842
318037
318059
318160
318193
318430
318457
318531
318647
318695
318745
318781
319004
319238
319240
319395
319462
319482
319715
320158
320175
320239
320433
320491
320537
320582
320909
320972
321046
321074
321095
321110
321155
321275
321483
321498
321981
322043
322266
322350
322437
322515
322527
322651
322666
322829
322856
322882
322895
323071
323354
323393
323455
323562
323599
323631
323762
323807
323812
323854
323953
323964
324045
324054
324154
324378
324378
324398
324419
324476
324630
324753
324758
324878
324905
324957
325060
325143
325154
325273
325284
325290
325325
325436
325471
325504
325563
325734
325776
325821
325911
326251
326264
326325
326369
326549
326693
326942
327039
327054
327090
327207
327343
327566
327682
327795
327861
327886
327956
328134
328204
328279
328317
328407
328442
328499
328510
328533
328551
328575
328765
328829
328942
329212
329312
329943
329957
330052
330080
330272
330284
330425
330536
330546
330873
330987
331004
331013
331113
331155
331307
331395
331408
331477
331536
331656
331827
331981
332436
332546
332577
332664
332757
332789
332831
332869
332879
332913
332981
333104
333133
333397
333517
333685
333877
333968
334032
334065
334101
334233
334272
334340
334343
334699
334801
334802
334817
334847
334890
335148
335244
335318
335453
335479
335513
335541
335723
335773
335788
335911
336009
336162
336204
336205
336275
336338
336469
336501
336724
336908
336987
337174
337210
337355
337515
337548
337601
337641
337723
337727
337816
337947
338000
338179
338291
338325
338576
338707
338800
338901
339083
339191
339308
339434
339470
339506
339688
339707
339739
339796
339870
340036
340352
340400
340445
340487
340866
341157
341385
341718
341737
341831
341837
341881
341892
341898
342202
342215
342260
342281
342325
342358
342365
342739
342805
343016
343044
343217
343226
343312
343351
343398
343512
343623
343669
343755
344048
344063
344181
344312
344329
344438
344441
344679
344696
344741
344797
344846
344915
344947
344954
344958
345013
345027
345123
345145
345189
345302
345333
345423
345561
345629
345770
345844
345857
345866
346107
346330
346396
346491
346530
346604
346713
346914
346977
347087
347171
347266
347345
347719
347972
348100
348139
348238
348256
348349
348924
349210
349285
349304
349372
349556
349646
349681
349689
349826
349873
349894
349964
349982
350002
350044
350160
350169
350362
350385
350528
350691
351121
351140
351211
351293
351539
351545
351559
351623
352038
352081
352385
352408
352436
352535
352662
352672
352683
352720
352850
352858
352859
352865
352956
352983
353001
353023
353070
353112
353136
353150
353380
353397
353405
353710
353719
353783
353820
353824
353963
354084
354136
354263
354274
354309
354334
354341
354409
354451
354490
354528
354529
354578
354601
354691
354731
354763
354834
354947
354958
355023
355027
355107
355241
355300
355343
355353
355523
355554
355656
355839
355861
356056
356065
356132
356467
356495
356503
356553
356709
356777
356982
356989
357159
357178
357290
357309
357375
357405
357448
357464
357546
357547
357561
357603
357804
357912
357953
358000
358029
358057
358068
358241
358267
358317
358394
358599
358739
358802
358865
358912
359029
359188
359331
359367
359396
359465
359717
359846
359884
359937
359961
360213
360231
360313
360375
360492
360533
360544
360718
361003
361034
361107
361180
361442
361513
361606
361651
361721
361832
362095
362159
362691
362732
362989
363091
363132
363195
363206
363289
363569
363638
363885
363971
364049
364093
364098
364099
364377
364404
364484
364493
364609
364675
364701
364952
365023
365065
365131
365145
365185
365327
365444
365468
365471
365545
365595
365780
365925
366000
366108
366346
366423
366460
366469
366533
366624
366749
366764
366837
366912
367208
367263
367302
367523
367617
367621
367787
367848
368044
368198
368281
368319
368385
368585
368733
368969
368976
369035
369077
369088
369216
369222
369673
369771
369822
369855
369914
369958
370204
370252
370483
370843
370867
370964
371059
371264
371392
371479
371734
371734
371899
371913
372189
372306
372350
372381
372403
372442
372617
372667
372773
372874
372877
372893
372960
373059
373064
373236
373293
373295
373419
373452
373479
373561
373806
373810
374178
374181
374345
374397
374468
374487
374487
374678
374893
374975
374999
375050
375153
375186
375253
375303
375434
375564
375630
375674
375710
375762
375855
376119
376296
376371
376511
376626
376795
376898
377355
377434
377546
377564
377588
377618
377926
377929
377931
377980
377999
378102
378154
378181
378211
378273
378284
378545
378641
378812
378940
378977
379097
379203
379317
379350
379461
379593
379736
379784
379856
379877
380034
380097
380187
380559
381138
381283
381349
381399
381417
381457
381577
381697
381711
381994
382008
382326
382503
382528
382805
382861
382963
383008
383152
383191
383250
383254
383322
383365
383377
383522
383526
383637
383695
383787
383798
384091
384234
384319
384538
384667
384699
384741
384807
384975
385085
385213
385319
385327
385401
385470
385730
385768
385856
386164
386186
386256
386260
386262
386309
386312
386367
386423
386536
386539
386612
386703
386717
386720
386729
386769
386937
386972
386978
387009
387015
387069
387118
387312
387544
387692
387753
387768
387855
387984
388042
388136
388300
388336
388797
388885
388926
389011
389182
389184
389315
389460
389481
389524
389554
389707
389710
389821
389829
389855
389900
389995
390034
390358
390371
390584
390963
390997
391111
391204
391226
391235
391356
391414
391695
391701
391874
391907
392013
392104
392482
392823
392983
393349
393391
393429
393449
393460
393581
393794
393808
393883
393978
394029
394328
394579
394650
394652
394822
394875
395408
395489
395505
395515
395715
395800
395928
395960
395984
396018
396030
396311
396339
396439
396602
396628
396655
396872
396914
396966
397006
397013
397085
397132
397143
397207
397210
397254
397309
397322
397415
397505
397615
397766
397837
397850
397902
398017
398044
398170
398180
398297
398304
398748
398831
399106
399145
399167
399209
399239
399354
399390
399409
399568
399632
399705
399851
399939
399953
399957
400154
400358
400383
400416
400546
400680
400924
401046
401051
401219
401304
401389
401399
401452
401471
401534
401548
401743
401781
401822
401844
401903
401904
402045
402244
402272
402439
402469
402516
402638
402800
403306
403371
403570
403771
403801
403826
404297
404305
404334
404410
404515
404529
404683
404688
404690
404695
404827
404860
405061
405253
405424
405502
405511
405524
405549
405597
405835
405888
405995
406036
406039
406113
406182
406343
406401
406407
406415
406418
406977
407019
407083
407206
407292
407353
407698
407752
407934
407979
408090
408263
408360
408628
408684
408761
408798
408896
409118
409134
409149
409210
409257
409306
409328
409676
409797
409806
409972
410011
410053
410078
410298
410324
410561
410685
410745
410824
410971
410985
411091
411307
411392
411500
411516
411519
411566
411632
411715
411759
411863
411963
411999
412045
412124
412511
412569
412791
412963
412991
413117
413133
413134
413271
413311
413342
413393
413487
413512
413601
413729
413824
413831
413835
414001
414003
414052
414212
414249
414285
414340
414547
414682
414722
414751
414902
415059
415121
415151
415246
415261
415276
415343
415352
415492
415593
415690
415699
415751
415783
415791
415961
415963
416062
416098
416183
416226
416592
416596
416769
416820
416836
416939
416959
416998
417006
417016
417041
417160
417251
417636
417730
417882
418035
418260
418263
418267
418434
418538
418543
418569
418665
418709
418783
418919
419013
419168
419170
419337
419489
419786
419838
420012
420024
420138
420164
420238
420270
420440
420499
420808
420947
420956
420978
421010
421196
421297
421314
421395
421446
421487
421594
421618
421621
421731
421915
421923
422543
422631
422711
422715
422880
423061
423071
423153
423201
423308
423360
423361
423389
423496
423572
423755
423773
423837
423846
423899
423943
423982
424214
424272
424406
424576
424590
424730
424834
424898
425197
425452
425485
425519
425535
425870
425871
425941
426002
426004
426092
426302
426468
426494
426527
426657
426778
426871
427005
427027
427028
427124
427167
427199
427325
427338
427564
427672
427748
427950
427952
428086
428115
428167
428207
428244
428349
428375
428685
428709
428723
428967
428987
429026
429079
429106
429120
429158
429284
429403
429411
429491
429520
429551
429681
429865
429873
429895
430072
430140
430329
430360
430382
430430
430431
430451
430600
430601
430850
430935
431015
431018
431072
431096
431163
431180
431375
431442
431535
431575
431628
432039
432112
432118
432386
432430
432507
432512
432578
432926
432991
433045
433064
433128
433346
433527
433631
433688
433691
433743
433806
433857
434006
434086
434201
434313
434414
434512
434774
434963
435074
435093
435205
435269
435274
435309
435324
435462
435556
435611
435627
435694
435736
435862
435888
436232
436237
436307
436353
436400
436497
436498
436521
436524
436993
437224
437576
437633
437722
437798
437803
437910
438248
438266
438459
438501
438540
438586
438910
438922
439216
439250
439300
439308
439372
439488
439724
439960
440051
440115
440357
440733
440813
440990
441088
441126
441202
441707
441807
441940
442112
442134
442194
442247
442251
442303
442380
442396
442471
442503
442739
443117
443194
443340
443652
443740
443842
443899
443914
443965
444164
444195
444229
444252
444269
444293
444310
444575
444650
444710
444727
444823
444852
445017
445091
445103
445140
445264
445370
445570
445607
445765
445874
446054
446082
446270
446295
446313
446364
446537
446596
446641
446684
446705
446712
446772
446875
447106
447110
447276
447600
447610
447621
447622
447628
447739
447762
448211
448227
448231
448283
448291
448645
448732
448840
448915
449013
449073
449143
449221
449239
449245
449307
449309
449589
449637
449761
449794
450081
450123
450212
450312
450360
450444
450456
450568
450584
450631
450726
450807
450816
450884
450971
450977
451112
451151
451175
451230
451283
451485
451587
451665
451749
451765
451827
451856
451915
452178
452232
452339
452852
452873
452917
453097
453164
453342
453406
453554
453628
453635
453701
453740
453793
453827
453852
453966
454032
454298
454418
454543
454555
454758
454792
455047
455214
455244
455254
455405
455817
456035
456070
456109
456182
456241
456301
456326
456479
456480
456625
456648
456660
456677
456818
456903
456930
457093
457180
457213
457400
457536
457781
457823
458096
458106
458184
458195
458209
458375
458400
458687
458820
458918
458923
459371
459464
459484
459569
459646
459671
460046
460118
460249
460313
460402
460458
460518
460590
460601
460746
460797
460852
460911
460913
461089
461281
461316
461426
461537
461628
461672
461708
461794
461817
461939
461966
462048
462105
462234
462240
462257
462325
462766
462778
462794
462883
462913
462994
462995
463238
463246
463312
463333
463369
463402
463422
463477
463483
463544
463741
463819
463891
464058
464249
464383
464558
464602
464680
464801
464910
464946
464996
465131
465143
465187
465781
465804
465862
465916
465933
466141
466322
466609
466624
466667
466677
466679
466816
466869
466889
466890
466939
467110
467341
467342
467378
467477
467509
467541
467544
467573
467606
467809
468010
468023
468024
468155
468212
468269
468320
468406
468429
468488
468565
468580
468765
468903
469007
469098
469343
469345
469571
469621
469710
469749
469783
469826
470119
470161
470361
470389
470459
470547
470560
470628
470632
470657
470674
470844
471047
471169
471226
471242
471294
471339
471409
471599
471796
471825
472248
472278
472321
472436
472644
472672
472682
472721
472743
472905
473010
473046
473102
473601
473685
473769
473999
474120
474255
474328
474406
474497
474624
474653
475126
475320
475349
475400
475442
475465
475594
475637
475645
475839
475889
475966
476008
476039
476042
476120
476378
476486
476499
476613
476710
476768
476912
476993
477008
477009
477023
477251
477378
477431
477578
477611
477808
477835
477906
477922
477945
478148
478280
478392
478410
478547
478636
478655
479018
479054
479109
479168
479188
479204
479281
479282
479430
479456
479621
479940
480016
480068
480124
480175
480258
480301
480355
480576
480635
480659
480682
480975
480984
481022
481064
481098
481100
481148
481158
481215
481309
481314
481355
481430
481453
481603
481930
482101
482150
482284
482292
482551
482553
482655
482696
482923
483021
483077
483153
483179
483212
483217
483231
483298
483358
483380
483443
483632
483911
483923
484137
484230
484558
484561
484684
484751
484839
484950
484985
485031
485054
485063
485074
485286
485322
485423
485587
485649
485689
485746
485784
486136
486146
486242
486291
486292
486498
486598
486818
486836
487103
487145
487217
487372
487390
487493
487652
487696
487795
488102
488141
488197
488390
488411
488537
488554
488955
489041
489083
489155
489262
489390
489497
489658
489677
489926
489971
489976
489986
490016
490282
490555
490565
490677
490763
490893
490894
491076
491096
491143
491249
491258
491395
491489
491596
491697
491877
491900
491965
491971
492010
492229
492232
492251
492366
492381
492516
492643
492645
492682
492843
492863
492881
492886
492986
493091
493192
493366
493699
493760
494004
494265
494320
494372
494384
494471
494549
494554
494661
494754
494805
494850
495088
495121
495224
495263
495571
495636
495645
495647
495714
495724
495732
495926
496015
496064
496076
496224
496249
496451
496558
496573
496574
496597
496616
496650
496691
496701
496701
496913
496968
497010
497243
497252
497305
497320
497368
497518
497926
498036
498112
498276
498303
498569
498692
498812
498819
498849
498849
498870
498974
499091
499183
499205
499420
499432
499442
499465
499722
499834
499867
499914
500013
500022
500081
500352
500476
500528
500564
500570
500617
500657
500696
500748
500821
500875
500881
501036
501086
501330
501509
501533
501597
501712
501843
501932
501960
502448
502576
502645
502731
502999
503008
503260
503274
503314
503505
503705
503815
503873
503900
504120
504143
504161
504203
504365
504369
504462
504462
504474
504590
504599
504656
504682
504706
504717
504767
505031
505150
505255
505283
505359
505434
505456
505583
505808
505840
505987
506022
506402
506463
506667
507139
507205
507255
507411
507474
507816
507826
508074
508143
508321
508491
508519
508574
508693
508709
508945
508985
509039
509139
509160
509161
509190
509198
509239
509289
509527
509580
509639
509672
509704
509713
509779
509821
509944
510098
510159
510241
510254
510790
510797
510799
510894
510971
511036
511079
511179
511270
511276
511488
511540
511618
511767
511811
511851
511977
511985
512158
512364
512412
512420
512426
512578
512625
512639
512730
512773
512853
513203
513253
513371
513447
513493
513821
513979
514105
514132
514153
514415
514432
514642
514721
514755
514996
515061
515095
515105
515109
515544
515556
515636
515688
515761
515973
516134
516167
516215
516225
516313
516390
516460
516519
516684
516739
516820
516960
517005
517007
517105
517122
517316
517437
517494
517552
517562
517637
517972
517974
517978
518023
518149
518378
518396
518397
518450
518641
518684
518799
518842
518860
518938
519050
519075
519091
519128
519299
519589
519596
519798
519938
520220
520464
520581
520597
520616
520982
521057
521229
521255
521267
521467
521758
521769
521783
521864
521874
521922
522222
522306
522349
522482
522718
522787
522803
522952
523121
523291
523323
523803
523952
524006
524048
524191
524203
524445
524455
524480
524522
524584
524627
524687
524715
524915
525528
525546
525717
525935
526011
526123
526257
526310
526382
526469
526672
526699
526867
526956
526970
527091
527121
527369
527389
527490
527531
527611
527671
527841
528036
528104
528114
528313
528432
528632
528634
528666
528756
528833
528852
528873
529251
529280
529645
529659
529665
529706
529718
529721
529749
529950
529956
530065
530114
530163
530363
530505
530786
530808
530811
530832
531077
531222
531234
531522
531528
531537
531800
531804
531881
531901
531926
531928
531976
532072
532159
532262
532328
532379
532389
532399
532437
532458
532475
532529
532540
532594
533103
533149
533263
533294
533311
533311
533418
533515
533602
533624
533635
533859
533914
533985
534113
534146
534147
534455
534503
534747
534850
534854
534943
534962
534963
535046
535230
535274
535277
535346
535392
535415
535435
536086
536240
536296
536495
536560
536561
536605
536610
536832
536909
536920
536939
537126
537133
537448
537466
537474
537535
537593
537674
537802
537814
537870
537870
537894
537915
537924
537937
537978
538037
538104
538160
538175
538218
538362
538530
538539
538587
538674
538710
538752
538834
538955
539033
539040
539063
539150
539403
539468
539470
539953
540002
540031
540057
540130
540171
540233
540303
540351
540425
540536
540544
540612
540647
540881
540945
541195
541555
541767
541790
541836
541930
542012
542019
542040
542169
542323
542498
542854
542877
542886
543114
543367
543400
543404
543695
544125
544189
544492
544504
544557
544617
545086
545338
545370
545398
545410
545443
545470
545494
545595
545644
545686
545703
545759
545968
545975
546048
546106
546181
546231
546488
546819
546848
546913
547265
547356
547464
547508
547542
547662
548005
548059
548406
548553
548624
548626
549020
549295
549367
549435
549483
549707
550130
550254
550292
550339
550442
550486
550540
550620
550628
550878
550907
550909
551108
551137
551174
551200
551217
551269
551546
551621
551790
551921
551924
551936
551978
552056
552089
552191
552282
552408
552466
552542
552686
552711
552821
552852
553038
553085
553213
553357
553384
553459
553508
553529
553575
553761
553765
553837
553966
553989
554083
555308
555365
555368
555494
555554
555678
556060
556355
556400
556405
556425
556438
556528
556774
556808
556823
556850
556878
556989
557086
557123
557134
557155
557279
557365
557540
557655
557731
557801
557862
558026
558059
558447
558535
558621
558643
558676
558895
558930
559081
559131
559256
559372
559418
559483
559715
559904
560114
560298
560309
560393
560449
560517
560536
560641
560767
561025
561108
561187
561255
561427
561458
561536
561616
561678
561703
561893
562086
562139
562182
562340
562371
562444
562510
562567
562728
562863
563084
563166
563200
563301
563529
563550
563792
563987
563993
564025
564183
564195
564254
564361
564490
564577
564606
564668
564718
564779
564807
564971
565139
565281
565343
565401
565487
565562
565723
565773
565943
566029
566229
566266
566377
566959
567119
567160
567385
567445
567463
567474
567552
567587
567737
567783
567817
567888
567959
567983
568081
568106
568114
568133
568210
568384
568564
568773
568930
569337
569470
569602
569628
569958
570260
570288
570291
570295
570617
570841
571056
571065
571112
571144
571159
571319
571359
571565
571594
571689
571878
571944
571994
572085
572131
572236
572362
572406
572523
572693
572790
572820
572959
573015
573130
573286
573467
573471
573484
573499
573606
573695
573736
573747
573780
573894
573898
574101
574123
574389
574403
574613
574635
574710
574787
574956
574962
575069
575260
575284
575357
575391
575773
576106
576219
576261
576289
576411
576613
576769
577076
577130
577272
577290
577430
577498
577926
577939
577948
578069
578095
578175
578427
578429
578583
578682
578737
578785
578865
578983
579066
579189
579227
579253
579340
579673
579702
579728
579853
579879
579907
580079
580113
580243
580298
580388
580478
580657
580762
580776
580866
581112
581223
581318
581589
581640
581722
581839
581878
581895
581991
582023
582168
582269
582421
582518
582855
583007
583053
583160
583234
583270
583306
583345
583353
583572
583680
583861
583873
583920
583933
584051
584295
584328
584367
584399
584474
584540
584567
584570
584629
584637
584675
584710
584769
584782
585136
585181
585473
585610
585755
585767
585869
586000
586059
586137
586192
586243
586435
586543
586622
586715
586919
586919
586948
587259
587313
587340
587511
587563
587650
587653
587734
587735
587744
587756
587820
587863
587888
587893
587910
587929
587942
588437
588601
588623
588680
588696
588856
589074
589076
589445
589461
589688
589886
589910
589926
590071
590077
590153
590233
590242
590303
590575
590648
590736
590756
590761
590822
590848
590883
590989
591040
591055
591077
591078
591087
591091
591093
591114
591135
591294
591484
591507
591665
591879
591890
591894
591900
591934
591963
591982
592183
592237
592454
592500
592527
592585
592661
592784
593060
593355
593361
593368
593443
593487
593496
593634
593762
593829
593891
594075
594166
594195
594347
594450
594660
594804
594842
595014
595078
595241
595590
595975
595984
596118
596177
596233
596236
596310
596359
596557
596689
596737
596760
596763
596813
596883
596951
597228
597307
597343
597364
597389
597423
597456
597477
597723
597814
597890
598021
598366
598397
598426
598556
598610
599004
599005
599076
599154
599159
599170
599234
599258
599399
599413
599614
599785
599873
599933
599933
600157
600268
600322
600778
600806
600945
600956
601106
601175
601222
601260
601327
601600
601660
601716
601752
601822
601939
602000
602091
602186
602304
602317
602321
602338
602428
602433
602597
602625
602717
602719
602729
602848
602890
602944
603062
603178
603183
603361
603566
603981
604006
604100
604120
604163
604227
604232
604430
604436
604565
604676
604925
605196
605329
605531
605808
605824
605838
606412
606431
606504
606533
606634
606648
606742
606812
606834
606896
607085
607198
607316
607389
607391
607512
607659
607660
607670
607750
607887
608015
608165
608179
608324
608574
608810
609026
609381
609562
609618
609757
609948
610139
610170
610220
610604
610644
610654
610871
611300
611319
611414
611642
611701
611820
612121
612208
612299
612597
612639
612739
612753
613027
613225
613237
613363
613474
613636
613960
613993
614006
614162
614202
614353
614410
614417
614590
614592
614607
614623
614691
614780
614945
614972
614979
615033
615050
615115
615215
615218
615313
615344
615470
615505
615690
615695
615739
615923
615966
616066
616367
616392
616453
616477
616490
616515
616696
616838
617309
617317
617404
617529
618076
618212
618270
618307
618330
618466
618569
618625
618638
618670
618676
618681
618742
618917
619065
619159
619225
619283
619325
619330
619439
619480
619560
619584
619585
619715
619850
619923
619945
620093
620179
620253
620261
620327
620549
620600
620690
620800
621209
621226
621327
621432
621572
621594
621610
621797
621894
622041
622044
622184
622204
622510
622524
622559
622631
622671
622985
623262
623343
623570
623644
623985
623999
624319
624329
624330
624505
624522
624531
624564
624608
624608
624668
624739
624858
624894
625024
625136
625182
625530
625580
625620
625685
625691
625709
625761
625816
625935
626009
626033
626058
626093
626134
626137
626358
626446
626549
626571
626622
626656
626766
626775
627015
627062
627089
627149
627314
627342
627533
627540
627568
627599
627699
627950
628040
628069
628071
628404
628409
628838
628840
629039
629115
629135
629157
629274
629279
629304
629364
629580
629651
629770
629801
629928
629933
630101
630179
630198
630250
630295
630528
630625
630839
630983
631016
631022
631133
631281
631300
631308
631416
631547
631657
631772
632015
632044
632050
632070
632095
632111
632153
632194
632235
632267
632281
632293
632295
632581
632599
632613
632638
632869
632938
633047
633126
633173
633290
633411
633450
633605
633685
633753
633794
634122
634203
634277
634442
634476
634688
634777
635019
635123
635296
635342
635435
635473
635615
635706
635907
635949
636001
636022
636231
636239
636285
636327
636368
636472
636607
636768
636789
636796
636820
636900
636914
636957
637029
637093
637098
637116
637217
637403
637446
637464
637573
637627
637657
637672
637755
637804
637857
637882
638119
638182
638192
638292
638551
638585
638674
638676
638725
638941
639022
639140
639240
639272
639340
639388
639587
639640
639716
639724
639786
639855
639949
640106
640317
640369
640389
640475
640488
640708
640869
640910
640919
641020
641073
641203
641400
641419
641548
641607
641687
641809
641909
641916
641970
642046
642183
642214
642375
642484
642490
642572
642699
642869
643184
643234
643386
643745
643791
643819
643874
644007
644042
644243
644243
644304
644309
644389
644396
644419
644589
644603
644949
645114
645217
645218
645361
645731
645751
645761
645872
646066
646106
646192
646312
646314
646334
646415
646444
646733
646759
646764
646810
646971
647213
647270
647346
647578
647580
647584
647794
647895
647896
647994
648035
648198
648300
648327
648404
648600
648607
648639
648679
648690
648823
648872
648948
648968
649016
649163
649196
649225
649425
649502
649521
649559
649957
649960
650212
650220
650325
650342
650529
650729
651241
651460
651628
651705
651820
652130
652322
652507
652544
652579
652723
652751
652855
653091
653128
653185
653342
653461
653571
653700
653732
653789
653924
653927
653956
654001
654042
654091
654276
654434
654437
654576
654600
654909
655014
655323
655446
655524
655548
655556
655593
655594
655751
655765
655995
656051
656197
656381
656475
656512
656587
656637
656676
656680
656696
657144
657247
657539
657953
657975
657998
658013
658114
658234
658256
658357
658419
658512
658628
658795
659127
659152
659262
659314
659341
659505
659509
659726
659757
659991
660172
660211
660320
660383
660391
660715
660794
660853
660857
660991
661251
661301
661355
661370
661479
661503
661611
661684
661698
662035
662192
662368
662409
662715
662717
662838
662879
662889
662928
663059
663196
663248
663293
663305
663383
663414
663488
663577
663580
663678
663683
663693
663825
663958
664050
664091
664093
664142
664196
664244
664337
664384
664472
664570
664570
664675
664771
664779
664981
665026
665029
665077
665313
665404
665434
665478
665575
665625
665660
665746
666007
666019
666080
666204
666275
666301
666366
666545
666580
666616
666719
666721
666821
667079
667090
667278
667281
667371
667512
667547
667958
668321
668619
668749
668831
668901
668997
669002
669097
669133
669409
669571
669679
669723
669791
669864
669927
669979
670083
670100
670526
670593
670688
670721
670786
670809
670922
670997
671057
671170
671257
671373
671379
671393
671448
671483
671519
671557
671628
671722
671744
671962
672137
672155
672168
672206
672250
672294
672380
672384
672393
672433
672536
672725
672932
672998
673000
673013
673109
673113
673224
673265
673317
673388
673524
673534
673585
673602
673634
673856
673863
674093
674655
674756
674868
674935
675012
675302
675371
675494
675661
675740
675902
676219
676593
676763
676874
676905
676919
677035
677133
677198
677332
677369
677413
677487
677579
677662
677690
677827
677934
677965
677967
677974
678006
678340
678694
678745
678746
678916
679068
679082
679082
679096
679202
679436
679659
679721
679769
679944
680156
680294
680352
680495
680791
680966
681068
681119
681150
681295
681383
681460
681532
681558
681628
681731
681736
681738
681825
681849
681908
681908
681986
682016
682023
682102
682114
682145
682234
682383
682386
682472
682774
682891
682932
682969
683017
683405
683413
683550
683600
683720
684051
684053
684213
684240
684245
684699
684770
684862
684942
684943
684989
684999
685086
685139
685221
685389
685474
685593
685762
685817
685865
685978
686075
686307
686467
686478
686507
686696
686778
686789
686877
686929
687146
687267
687530
687588
687603
687735
687983
688007
688138
688153
688589
688693
688741
688751
688996
689010
689073
689198
689203
689215
689329
689592
689712
689846
690021
690043
690343
690406
690441
690469
690485
690510
690531
690535
690541
690632
690742
690756
690770
690788
690815
690904
691044
691085
691414
691555
691589
691692
691916
691984
691985
692077
692145
692228
692348
692720
692772
692772
693088
693435
693539
693593
693735
693904
693990
694095
694100
694409
694486
694891
694970
694997
695058
695071
695345
695546
695622
695640
695702
695757
695795
695817
695949
695997
696052
696309
696348
696515
696533
696569
696628
696688
696763
696765
696781
696798
696816
696882
697015
697042
697218
697524
697666
698058
698251
698279
698506
698683
698724
698794
698869
698899
698952
699017
699025
699148
699152
699334
699409
699696
699755
699867
700083
700085
700180
700273
700337
700433
700474
700536
700543
700564
700579
700846
701029
701036
701059
701143
701150
701218
701245
701259
701354
701384
701471
701537
701740
701757
701842
701951
702034
702084
702104
702109
702197
702225
702689
702709
702724
702768
702769
703063
703104
703127
703131
703199
703241
703505
703849
703854
703870
703873
703879
704216
704373
704412
704442
704459
704539
704707
704711
704725
704929
704942
704957
705004
705036
705042
705113
705114
705529
705582
705659
705756
705840
705854
705866
705962
706053
706109
706119
706531
706554
706557
706585
706641
706744
706757
707186
707254
707589
707694
707720
707803
707947
708087
708185
708196
708225
708424
708430
708542
708592
708650
708714
708753
708847
709048
709067
709112
709150
709241
709374
709402
709408
709438
709507
709725
709890
709899
710008
710081
710349
710417
710418
710468
710631
710697
710822
711026
711107
711303
711382
711414
711451
711452
711513
711535
711661
711721
711755
711796
711847
711854
712035
712038
712125
712152
712330
712402
712433
712492
712520
712600
712627
712708
712840
712919
713089
713107
713146
713168
713217
713297
713396
713508
713630
713897
713988
714236
714706
714865
714872
714926
715074
715095
715212
715234
715301
715301
715351
715418
715563
715591
715675
715886
715922
715954
715957
716022
716127
716209
716230
716345
716409
716475
716483
716510
716547
716659
716814
716873
716944
717191
717233
717408
717474
717505
717515
717553
717724
717804
718062
718268
718275
718284
718373
718609
718686
718793
718809
718905
718916
718963
719354
719496
719577
719967
720045
720070
720253
720359
720410
720525
720675
720773
720807
720821
720918
720992
721049
721051
721057
721104
721168
721265
721350
721557
721807
721931
721980
722124
722226
722318
722354
722511
722577
722601
722714
722749
722949
722987
723033
723189
723488
723991
724121
724436
725115
725278
725335
725401
725418
725619
725773
725860
725862
725938
725945
725996
726073
726171
726236
726271
726368
726488
726549
726587
726615
726654
726834
727045
727227
727324
727363
727373
727397
727431
727448
727720
728037
728144
728345
728526
728832
728839
728865
728905
728913
729021
729022
729105
729215
729289
729323
729415
729496
729593
729658
729871
729921
730111
730182
730191
730200
730358
730390
730506
730684
730741
730871
731252
731367
731380
731479
731513
731622
731647
731803
731926
732139
732613
733009
733078
733101
733264
733278
733391
733449
733500
733678
733761
733830
734106
734266
734314
734317
734370
734416
734457
734479
734554
734556
734622
734630
734650
734712
734720
734750
734775
735079
735099
735366
735381
735736
735756
735840
736024
736028
736557
736620
736668
737166
737170
737240
737430
737452
737461
737589
737611
737614
737636
737788
737909
738095
738101
738106
738124
738220
738337
738978
739007
739059
739208
739232
739283
739426
739531
739824
740004
740045
740483
740496
740627
740654
740762
740943
741130
741142
741223
741419
741464
741795
741925
742207
742321
742324
742353
742473
742518
742964
743127
743135
743190
743231
743403
743406
743664
743800
743857
743922
743948
743960
744059
744112
744152
744161
744186
744496
744582
744590
744613
744712
744796
745068
745115
745183
745196
745368
745442
745649
745661
745693
745699
745747
746058
746084
746101
746311
746485
746487
746800
746828
747180
747371
747413
747519
747575
747851
748296
748431
748475
748705
748884
748959
749207
749241
749504
749635
749696
749807
750248
750259
750349
750631
750681
750727
751062
751069
751076
751257
751590
751746
751925
752131
752205
752272
752296
752350
752512
752971
753000
753042
753045
753070
753279
753528
753628
753816
754004
754006
754168
754283
754336
754403
754437
754632
754924
755147
755185
755249
755331
755422
755500
755571
755627
755703
755713
755910
755927
755978
756042
756094
756137
756147
756204
756241
756295
756436
756538
756584
756659
756694
756709
756757
756859
756869
756975
757010
757122
757140
757142
757353
757387
757610
757851
757989
758021
758252
758269
758299
758397
758496
758582
758703
758796
758916
758952
759302
759352
759630
760265
760305
760359
760584
760603
761003
761191
761236
761245
761305
761325
761502
761681
761884
761920
762086
762131
762210
762304
762431
762446
762650
762687
762709
762901
762902
763025
763197
763528
763531
763543
763556
763584
763640
763813
763959
763989
764310
764317
764402
764442
764488
764488
764835
764932
764938
765102
765110
765142
765223
765270
765389
765391
765464
765491
765522
765654
765746
765812
765818
765823
765824
766566
766644
766646
766711
766751
766809
766996
767113
767268
767274
767327
767637
767673
767681
767712
767770
767824
767843
767948
767950
768336
768461
768553
768571
768733
768760
768920
768969
769031
769033
769061
769289
769327
769367
769548
769617
769769
769820
769830
769876
769927
770072
770163
770217
770296
770488
770540
770682
770699
771257
771403
771528
771746
771759
772003
772048
772173
772196
772273
772331
772342
772356
772369
772438
772710
772991
773093
773184
773442
773519
773538
773702
773815
773822
773935
773978
774008
774024
774065
774177
774196
774356
774359
774430
774587
774702
774883
774959
775131
775188
775414
775652
775704
775924
775940
776012
776227
776231
776282
776348
776398
776426
776450
776602
776724
776974
777091
777092
777399
777640
777780
777875
778067
778405
778491
778757
779123
779246
779258
779346
779472
779554
779629
779785
780012
780153
780611
780685
780710
780755
780972
781157
781168
781272
781272
781420
781483
781487
781517
781552
781576
781731
782251
782305
782465
782658
782813
783132
783590
783618
783680
783687
783853
784024
784106
784125
784164
784555
784591
784592
784627
784842
784886
784944
784952
785008
785016
785085
785210
785249
785476
785482
785565
785701
785793
785800
785884
786062
786105
786204
786282
786394
786543
786630
787084
787132
787451
787479
787692
787811
787872
787898
787962
788131
788454
788589
788689
788695
788722
789018
789164
789261
789364
789382
789396
789525
789634
789920
789939
790161
790241
790250
790250
790612
790676
790758
790770
790796
790829
790829
790914
790923
790967
790991
791055
791123
791133
791216
791320
791340
791478
791558
791615
791815
791983
792036
792105
792200
792338
792379
792456
792514
792770
792782
792941
793240
793456
793619
793672
793755
793876
794193
794606
794619
794779
794799
794911
795014
795121
795189
795456
795504
795575
795594
795676
795740
795786
795942
795975
795992
796021
796043
796122
796295
796553
796691
796764
796933
797072
797123
797205
797325
797478
797541
797543
797583
797728
797802
797811
797902
797926
797972
798004
798060
798201
798229
798244
798291
798294
798405
798420
798426
798609
798639
798724
798798
798945
799112
799294
799410
799413
799500
799615
799671
799842
800024
800085
800224
800229
800292
800378
800490
800566
800614
800629
800664
800699
800768
800824
800884
801032
801239
801399
801846
802003
802116
802209
802353
802354
802356
802398
802482
802524
802592
802748
802772
802783
802796
802801
802843
802852
803004
803145
803192
803311
803339
803364
803374
803424
803426
803510
803675
803839
803910
803920
804017
804085
804161
804192
804260
804333
804804
804804
804835
804843
804892
804892
804905
804970
804990
805145
805248
805287
805289
805520
805521
805615
805690
805787
805843
805990
805993
806072
806088
806112
806142
806181
806251
806301
806375
806431
806522
806529
806686
806695
806788
806805
806949
806962
807009
807193
807245
807295
807439
807491
807515
807550
807910
807921
808047
808065
808326
808385
808561
808612
808655
808659
808666
809096
809119
809211
809493
809693
809771
809819
809896
809902
809908
809928
810072
810256
810302
810369
810393
810592
810866
810878
810883
810890
810890
811102
811142
811298
811379
811381
811399
811422
811539
811568
811599
811638
811646
811728
811871
811941
811982
812151
812174
812225
812283
812297
812418
812499
812499
812557
812630
812671
812739
813076
813225
813273
813365
813491
813546
813627
813919
813972
813974
814054
814394
814455
814462
814625
814734
814748
814981
815148
815188
815228
815467
815576
815903
815969
816009
816052
816060
816121
816132
816238
816273
816344
816357
816406
816427
816458
816466
816718
816860
817224
817287
817426
817615
817623
817797
817899
817985
817990
818017
818038
818314
818381
818413
818634
818976
818997
819033
819208
819371
819454
819597
819693
819811
819929
820033
820163
820280
820295
820361
820468
820538
820731
820804
821111
821138
821185
821293
821361
821362
821422
821549
821601
821647
821840
821913
822099
822133
822164
822165
822294
822333
822401
822589
822709
822797
822815
822867
822929
823025
823052
823246
823341
823514
823626
823793
823829
824194
824270
824599
824619
824789
824947
825108
825273
825306
825315
825411
825451
825833
825871
825910
825984
826005
826023
826026
826048
826117
826159
826204
826307
826311
826335
826431
826568
826585
826626
826731
826969
827039
827064
827190
827295
827312
827524
827538
827629
827678
827820
827841
828232
828242
828417
828441
828648
828964
829234
829303
829367
829513
829629
829661
829723
829817
829881
830053
830086
830098
830162
830168
830385
830408
830454
830507
830563
830983
830984
831058
831206
831303
831589
832011
832152
832270
832331
832374
832409
832533
832542
832609
832638
832989
833014
833171
833262
833713
833761
833763
833803
833876
833947
833957
833971
834069
834102
834168
834264
834292
834351
834520
834522
834624
834649
834671
834800
834855
834913
834980
834986
835246
835493
835643
835661
835900
835921
836116
836168
836208
836277
836419
836480
836551
836563
836936
837351
837363
837470
837572
837620
837684
837921
838051
838076
838142
838214
838367
838447
838465
838530
838594
838725
838742
838805
838855
839012
839113
839214
839280
839364
839538
839595
839598
839617
839650
839657
839747
839843
839853
840110
840200
840292
840389
840457
840771
840816
840900
841035
841102
841110
841178
841319
841401
841463
841560
841859
842106
842186
842281
842385
842538
842641
842811
842874
842952
843283
843388
843415
843457
843521
843530
843543
843653
843789
844035
844185
844211
844217
844289
844403
844473
844659
844842
845036
845092
845107
845122
845260
845266
845318
845408
845442
845520
845533
845846
846047
846234
846251
846352
846614
846639
846795
846808
846826
847249
847283
847283
847285
847320
847439
847470
847551
847741
847806
848027
848032
848138
848221
848279
848350
848379
848523
848685
848746
848825
849229
849551
849867
850027
850131
850228
850243
850331
850381
850466
850540
850650
850971
850977
851127
851217
851229
851440
851584
851599
851677
851687
851708
851773
851896
851966
852009
852016
852199
852327
852390
852439
852533
852678
852741
852868
852992
853058
853150
853449
853455
853515
853577
853587
853712
853727
853737
853849
853986
854098
854278
854352
854419
854426
854575
854622
855121
855151
855339
855534
855643
855806
855817
855867
855949
856198
856380
856585
856628
856708
856712
856958
856988
857070
857090
857178
857405
857439
857571
857704
858052
858070
858317
858343
858521
859382
859405
859420
859430
859467
859487
859515
859572
859691
859724
859870
859963
860078
860108
860265
860592
860669
860778
860847
861024
861114
861161
861630
861669
861672
861766
861976
862026
862051
862101
862103
862175
862248
862323
862514
862576
862705
862751
862773
862805
862888
862897
863092
863574
863777
863786
863953
863975
863996
864001
864117
864691
864736
864843
864901
865164
865247
865254
865284
865361
865450
865551
865631
865784
865911
865967
866015
866196
866428
866555
866610
866724
866734
866808
866997
867008
867134
867301
867325
867361
867410
867428
867601
867606
867610
867778
867801
867840
867972
868028
868042
868096
868140
868245
868250
868254
868433
868540
868708
868732
868845
869035
869200
869232
869249
869296
869548
869607
869780
870120
870285
870466
870629
870936
871144
871206
871294
871389
871809
871827
871927
871957
872135
872165
872284
872355
872393
872413
872429
872450
872498
872605
872792
872846
872903
873137
873190
873235
873534
873551
873555
873639
873721
873844
874157
874266
874461
874559
874842
874845
874877
874881
874962
874985
875161
875188
875234
875328
875383
875648
875694
875754
875800
875805
875986
876038
876168
876218
876282
876364
876443
876465
876512
876572
876577
876634
876638
876739
876784
876880
877085
877253
877254
877517
877590
877707
877744
877952
878027
878090
878120
878191
878231
878234
878286
878315
878357
878359
878418
878503
878600
878606
878681
878723
878871
878997
879323
879337
879434
879520
879617
879710
879834
879922
879929
879948
880190
880191
880205
880243
880405
880414
880589
880635
880729
880809
880851
880960
880992
881165
881266
881306
881374
881627
881895
881897
881971
882255
882262
882287
882398
882414
882455
882754
882960
883147
883307
883385
883672
883735
883765
883835
884028
884044
884255
884300
884375
884447
884589
885664
885686
886046
886153
886221
886351
886423
886526
886711
886757
886853
886981
887235
887318
887345
887463
887482
887703
887761
887867
887914
887963
887997
888064
888196
888251
888253
888423
888482
888644
888711
888717
888902
888916
889209
889253
889425
889523
889662
889785
889891
889935
890025
890391
890988
891060
891219
891293
891502
891651
891710
891852
891980
892090
892264
892423
892456
892492
892567
892624
892840
892867
892915
893471
893559
893588
893593
893671
893703
893795
894153
894248
894336
894421
894445
894626
894715
894754
894795
894864
895072
895092
895249
895399
895795
895841
895862
895916
895961
895980
896359
896422
896510
896519
896524
896582
896631
896644
896747
896765
896932
896954
896968
897063
897072
897126
897195
897213
897380
897469
897554
897681
897938
898150
898219
898255
898375
898540
898601
898685
898723
898845
898923
898965
899141
899531
899583
899642
899666
899693
899818
899850
900059
900198
900301
900388
900555
900563
900667
900708
901167
901190
901228
901229
901347
901382
901450
901477
901485
901682
901825
901855
901929
902167
902208
902474
902554
902614
902655
902694
902707
902777
902841
902945
903010
903114
903324
903537
903565
903581
903703
903925
903968
904073
904129
904217
904229
904668
904958
905068
905136
905333
905548
905639
905679
905727
905749
905900
906038
906125
906262
906540
906626
906638
906714
906736
906755
906806
906940
907119
907154
907201
907459
907475
907522
907722
907760
907809
907945
907960
907978
908018
908063
908096
908173
908335
908476
908477
908533
908557
908614
908768
908788
908862
909000
909039
909051
909110
909131
909152
909193
909329
909340
909396
909462
909529
909556
909706
909832
909895
909928
909954
909987
910036
910137
910148
910285
910336
910387
910420
910746
910810
910825
910834
910856
910940
910959
910989
911102
911234
911244
911256
911318
911609
911680
911715
911949
911991
912111
912144
912347
912407
912438
912460
912475
912490
912665
912719
912728
913104
913211
913292
913337
913396
913447
913606
913674
913740
913853
913884
914308
914480
914496
914505
914548
914625
914728
914734
914847
914863
915008
915233
915302
915319
915395
915439
915565
915964
915984
916005
916137
916174
916281
916512
916521
916524
916566
916892
916916
916930
916956
916996
917009
917145
917173
917260
917411
917456
917617
917653
917733
918069
918070
918167
918205
918242
918286
918556
918714
918864
919198
919232
919463
919602
919657
919671
919861
920224
920228
920390
920394
920515
920602
920647
920653
920915
921016
921269
921340
921380
921650
921687
921713
922053
922227
922419
922475
922582
922608
922830
923044
923121
923246
923257
923267
923527
923788
924123
924176
924392
924467
924639
924959
925313
925330
925341
925390
925483
925493
925550
925641
925725
925829
925950
926021
926350
926436
926493
926881
926954
927010
927027
927165
927266
927428
927559
927761
927777
927823
927871
928024
928048
928402
928449
928450
928659
928806
928862
928905
928909
929090
929114
929172
929272
929871
929882
929896
929897
929920
930131
930205
930220
930325
930426
930474
930599
930653
930748
930902
930907
930985
931168
931202
931299
931328
931420
931421
931533
931646
931664
931693
931767
931812
931855
931938
931995
932011
932050
932087
932129
932215
932222
932234
932234
932370
932401
932412
932458
932513
932596
932612
932748
932903
932949
933339
933358
933710
933845
933952
934060
934187
934227
934332
934965
935034
935099
935190
935429
935571
935631
935648
935663
935730
935927
936011
936101
936134
936210
936479
936510
936619
936645
936655
936673
936718
936765
936864
936925
936943
936968
937182
937281
937290
937297
937310
937388
937571
937587
937715
937747
937768
937801
937856
937871
938218
938287
938373
938420
938543
938594
938624
938793
938945
939058
939160
939196
939283
939346
939427
939793
939841
939934
939998
940226
940239
940470
940484
940503
940564
940579
940596
940621
940905
941119
941242
941330
941500
941520
941556
941757
941848
941872
941932
941934
942000
942070
942079
942204
942253
942318
942414
942518
942525
942592
942682
942796
942845
942879
942984
943011
943231
943300
943409
943417
943496
943592
943716
943844
943846
943948
944146
944218
944408
944584
944692
944694
944771
944789
944852
944881
944913
945059
945214
945267
945284
945338
945356
945891
945948
946027
946123
946172
946305
946386
946422
946503
946694
946872
947010
947212
947261
947327
947590
947849
947862
948190
948247
948253
948275
948295
948331
948409
948442
948614
948724
948799
948911
949174
949192
949242
949265
949365
949410
949602
949607
949778
949861
949973
949986
950059
950100
950175
950345
950381
950403
950479
950502
950516
950693
950748
950831
951231
951239
951249
951353
951462
951523
951533
951611
952070
952511
952554
952642
952741
952755
952821
952968
953053
953064
953154
953178
953256
953297
953299
953474
953634
953762
953777
953988
954164
954240
954313
954398
954426
954510
954587
954605
954665
954816
954862
954931
954992
955107
955283
955401
955403
955411
955417
955448
955519
955726
955736
955777
955800
956200
956390
956390
956394
956445
956584
956623
956668
956860
957070
957276
957282
957469
957496
957609
957678
957698
957731
957773
957851
957972
957979
958103
958149
958335
958356
958431
958552
958575
958768
958832
958874
958941
959005
959187
959267
959335
959385
959419
959486
959502
959551
959566
959566
959730
959863
960009
960215
961182
961268
961454
961486
961525
961571
961914
961947
962058
962066
962113
962259
962351
962383
962389
962438
962553
962627
962800
962832
963013
963053
963123
963534
963536
963666
963709
963720
963891
964010
964076
964318
964390
964431
964539
965126
965265
965291
965314
965368
965430
965623
965653
965853
965869
965927
965991
966012
966074
966092
966585
966634
966649
966784
966785
966792
966894
966980
967007
967049
967062
967266
967300
967352
967354
967386
967507
967567
967646
967713
967736
967909
968306
968374
968410
968496
968538
968715
968725
968787
968793
968910
969156
969222
969426
969471
969498
969662
969953
970001
970022
970197
970233
970235
970313
970380
970422
970558
971006
971156
971362
971427
971439
971518
971800
971825
971854
971855
971916
972350
972428
972449
972563
972592
972598
972818
972945
973361
973501
973580
973581
973855
973926
974049
974070
974403
974420
974633
974641
974769
974858
974974
974996
975202
975254
975282
975562
975588
975603
975618
975859
976085
976140
976149
976209
976231
976305
976533
976679
976684
976824
976961
976990
977014
977148
977158
977305
977313
977726
977788
977879
978020
978125
978189
978212
978264
978313
978386
978725
978958
979003
979023
979032
979057
979105
979302
979493
979539
979565
979566
979691
979766
979773
979847
979931
980109
980172
980522
980761
980780
980780
980787
980915
981256
981525
981693
981703
982205
982220
982363
982512
982531
982581
982979
983124
983258
983259
983298
983481
983549
983800
983905
983964
983974
984041
984262
984355
984411
984422
984874
984989
985011
985308
985416
985422
986005
986103
986154
986248
986342
986451
986609
986795
986808
986900
986968
987096
987158
987296
987306
987422
987733
987841
988027
988041
988192
988327
988646
988669
988775
988806
989006
989043
989475
989567
989583
989636
989873
990170
990452
990559
990598
990612
990835
990862
990862
990905
990967
991008
991262
991319
991618
991724
991896
991949
992000
992045
992178
992200
992221
992250
992368
992436
992476
992486
992684
992694
992793
992820
992856
992892
992944
993117
993140
993161
993217
993275
993320
993348
993350
993416
993439
993598
993726
993737
993769
993837
993889
994133
994263
994401
994485
994601
994793
994860
994958
994959
995057
995147
995256
995278
995316
995341
995762
995791
996025
996316
996320
996397
996713
996747
996971
996974
997016
997025
997037
997068
997069
997367
997454
997513
997598
997731
997905
997919
997980
998166
998215
998223
998407
998625
998676
998955
999085
999103
999472
999494
999606
999802
999973
999996
