File Size: 5000
Algorithm: Merge Sort
126
364
658
768
872
1033
1472
1499
1581
1801
1878
1900
2169
2236
2313
2319
2714
3031
3561
3647
3769
4124
4148
4203
4449
4699
5266
5297
5301
5328
5413
5832
6067
6083
6115
6597
6735
6898
7128
7276
7334
7740
7949
8220
8224
8655
8860
8934
9135
9236
9709
10052
10235
10303
10448
10542
10641
10750
10797
10951
11505
11728
11824
12114
12361
12699
12943
13092
13421
14071
14280
14331
14421
14492
14678
14788
14920
15351
15802
15846
16363
16445
16979
17632
18320
19038
19040
19558
19627
19767
19945
20468
20580
20735
20902
20903
21194
21274
21284
21337
21525
21830
21864
21870
22293
22719
22887
22895
22931
23368
23377
23401
23582
23734
24470
24717
25073
25114
25235
25457
25738
26193
26427
26579
26628
27092
28111
28111
28148
28250
28277
28318
28934
28946
29399
29440
29440
29516
29609
29635
29642
29756
29841
30023
30094
30237
30368
30558
30760
31106
31208
31582
31672
31689
31816
31856
32003
32943
32996
33280
33357
33730
33841
34431
34661
34729
34982
35114
35235
35379
35501
35614
35702
35714
35965
35970
36001
36111
36121
36304
36309
36404
36407
36448
37185
37359
37817
38031
38046
38060
38107
38760
39016
39051
39406
39566
39593
39648
39731
39735
40382
40564
40613
40737
41166
41203
42138
42160
42513
42649
42806
42854
43046
43127
43688
43690
43801
43806
44139
44531
44693
44842
45051
45055
45206
45280
45334
45658
45728
45970
46373
46912
47521
47549
48597
48759
49524
49545
49574
49596
50140
50222
50276
50279
50402
50712
50748
50999
51045
51063
51543
51679
52110
52231
53024
53031
53293
53322
53529
53567
53935
53938
54056
54095
54530
54882
55051
55442
55485
55531
55621
55757
56061
56090
56704
56806
57121
57189
57554
57646
58021
58325
58711
58846
59026
59390
59445
59647
59706
60041
60143
60289
60792
61098
61131
61158
61170
61175
61424
61472
61618
61800
61949
62065
62272
62278
62759
63147
63496
63510
63710
63837
63981
64110
64294
64559
64754
64991
65053
65107
65334
65495
65672
65777
66222
66330
66465
66624
66750
66947
66981
67292
67293
67487
67559
67908
68195
68762
69007
69100
69234
69247
69257
69495
69919
69954
70609
70745
71379
71743
71803
71905
71907
72199
72329
72421
72504
72710
72786
72802
73114
73213
73346
73421
73817
74031
74383
74418
74657
74663
74821
74940
75272
76121
76137
76163
76183
76430
76546
76626
76759
77079
77201
78177
78248
78324
78387
78649
78697
79200
79289
79377
79585
79667
80060
80209
80474
80856
80890
81072
81186
81270
81419
81675
81944
82015
82132
82406
82566
82576
82674
82725
82738
83366
83493
83633
83725
83828
84143
84226
84311
84417
84694
84723
84802
85235
85888
86476
87139
87474
87531
87542
87730
88327
88580
89065
89197
89253
89788
89817
90001
90122
90291
90312
90365
90421
90648
90877
90908
91151
91473
91747
91895
92461
92476
92745
93581
93736
94082
94256
94303
94355
94578
94778
94975
95029
95082
95158
95231
95609
95983
96025
96090
96279
96344
96460
96520
97415
97898
97989
98206
98805
98809
98887
98950
98964
99142
99742
99890
100032
100327
100577
100607
100650
101028
101115
101230
101622
101711
102145
102195
102337
102555
102664
102738
102855
102889
103166
103382
103622
103839
104085
104626
104670
104799
105045
105228
105452
105514
105598
105881
106434
106439
107365
107634
108139
108187
108241
108270
108817
108921
109399
109485
109708
109784
110085
110086
110181
110229
110293
110489
110537
110699
110905
111019
111928
112140
112229
112795
112846
112898
113005
114081
114268
114625
114717
114718
114928
115065
115152
115257
115312
115461
115514
115775
115926
116453
116470
116789
117204
117620
117672
117931
118437
118493
118557
119077
119089
119410
119772
119788
119964
120146
120327
120467
120842
120914
121165
121220
121458
121591
121631
121728
121837
122057
122059
122434
122818
122877
122913
123115
123257
123456
123645
123773
124125
124169
124473
124715
124764
124876
125132
125267
125280
125357
126094
126279
126587
126701
126769
126979
127166
127221
127358
127492
127518
127532
127606
127668
127926
128132
128337
129103
129511
129938
129942
130135
130283
130305
130495
131184
131234
131403
131670
131830
131884
132002
132401
132465
132517
132724
132836
132907
133282
133468
133490
133549
133754
133804
134101
134153
134246
134665
135226
135350
135473
135574
135594
136101
136141
136210
136285
136753
136801
136803
137038
137324
137582
137732
137779
138097
138546
138749
138849
138882
138952
138997
139036
139218
139357
139722
139822
140345
140372
140487
141052
141072
141084
141152
141296
141298
141322
141788
141909
142005
142087
142425
142527
142842
142857
142964
143072
143166
143302
143394
143948
143975
144203
144211
144264
144265
144324
144714
144791
144953
145136
145372
145478
145680
145922
145943
145971
145973
146023
146125
146203
146217
146228
146290
146448
146618
146671
146738
146784
146902
146999
147775
147842
147867
147953
148110
148419
148632
148696
149263
149309
149370
149420
149628
149731
149868
149984
150068
150090
150298
150811
150991
150997
151061
151141
151537
152014
152065
152070
152363
152479
152614
152843
153020
153058
153554
153658
153791
153827
153961
153976
154290
154430
154467
154894
154917
155511
155784
155910
156000
156814
156818
156948
157351
157483
157687
157828
157881
157959
158065
158230
158378
158530
159327
159636
159842
160039
160157
160433
160723
161106
161352
161393
161605
161710
161883
162093
162492
162938
162959
163098
163200
163215
163321
163394
164522
164643
164643
164736
164745
164910
165753
166074
166080
166124
166263
166389
166407
166726
166814
167046
167103
167104
167317
167604
167755
167826
167848
168266
168463
168730
168961
169321
169632
169786
170197
170251
170360
170375
170551
170796
170910
171227
171432
171888
171942
172473
172516
173064
173210
173727
173949
174067
174561
174602
174727
174965
175110
175118
175139
175660
175783
175881
176023
176108
176311
176621
176661
176942
177756
177801
178338
178507
178861
178863
179202
179230
179398
179425
179713
179774
179807
180049
180322
180430
180673
180735
181124
181357
181687
181721
181802
181825
181940
182100
182250
182269
182645
182707
182862
183356
183378
183489
183688
183714
184335
185248
185461
185729
185913
186279
186641
186643
186773
186805
187040
187059
187219
187347
187348
187459
187522
188242
188520
188567
188865
188909
189565
189744
190229
190365
190424
190798
191050
191068
191559
192200
193270
193628
193834
194028
194098
194111
194202
194248
194310
194357
194555
194864
195313
195339
195931
196262
196356
196508
196567
196865
197507
197562
197693
197713
198047
198050
198309
198363
198416
198657
199159
199727
199801
199823
199840
200059
200367
200458
200553
200929
201129
201589
202140
202189
202323
202414
202542
202626
202853
203154
203482
203644
203748
203841
204111
204135
204675
204784
204889
205063
205262
205458
205494
205629
206265
206655
206765
206808
206949
207545
207571
207676
207730
207766
207878
208112
208299
208385
208481
208594
208787
208920
209254
209372
209395
209654
210428
210576
210602
210650
210759
210956
211535
211849
211951
211988
212042
212067
212154
212321
212399
212594
212733
212943
213137
213158
213593
213622
213711
214032
214132
214176
214591
214754
214932
215582
215830
215897
215961
216523
216583
216847
216965
217023
217167
217189
217951
218628
219047
219435
219521
219887
220284
220297
220337
220795
220854
220926
221059
221162
221337
221348
221366
221502
221821
221967
222238
222319
222401
222702
222832
223022
223123
223587
223630
223893
224019
224047
224413
225354
225829
226202
226219
226435
226636
226971
227220
227227
227234
227281
227632
227691
227946
228096
228210
228593
228683
229397
229776
229866
230028
230375
230533
230644
230714
230793
231110
231121
231331
231441
231524
231992
232799
232804
233461
233585
233707
234185
234388
234477
234500
234694
234948
235000
235084
235086
235099
235115
235250
235785
235861
235908
235917
236044
236133
236156
236162
236193
236275
236369
236738
237022
237159
237296
237524
237883
237930
238033
238175
238347
238365
238476
238984
239058
239131
239180
239253
239595
239660
239909
240268
240403
240576
240660
240848
240873
240986
241026
241028
241058
241105
241475
241534
241534
241557
241613
241624
241835
242001
242105
242194
242238
242385
242626
242851
242862
243010
243104
243138
243287
243869
243932
243972
244049
244277
244366
244483
244520
245168
245218
245331
245395
245480
246080
246096
246204
246340
246561
246700
246857
246884
246895
247018
247304
247350
247541
247993
248192
248266
248645
249065
249267
250107
250201
250251
250991
251171
251581
251641
251653
251844
252195
252232
252244
252255
252330
252411
252534
252840
253131
253168
253325
253476
253514
253834
253852
253903
254002
254532
254619
254758
254762
255139
255480
255582
255583
255911
256210
256262
256274
256325
256455
256556
256565
256827
257014
257372
257865
258380
258452
258590
258809
259044
259102
259145
259209
259239
260150
260350
260385
260490
261248
261501
261720
261835
261913
262175
262182
262601
262978
263064
263128
263709
263755
263972
264165
264467
264576
264724
264762
265084
265203
265531
265667
265927
266348
266439
266635
267479
267558
267649
267718
267838
268094
268326
268483
268926
268963
269153
269199
269216
269249
269412
269528
269843
269952
269961
270305
270445
270596
270609
270964
271240
271458
271748
272022
272125
272321
272550
272610
272626
272629
272655
272781
273013
273212
273703
273773
273796
273834
273993
274229
274246
274388
274461
274519
274647
274749
275205
275235
275384
275851
275885
275919
275968
276211
276213
276394
276513
277290
277330
277355
277372
277463
277695
277772
278050
278201
278285
278402
278761
278765
279349
279370
279505
279677
280074
280629
281018
281087
281122
282541
282603
282659
282723
283018
283196
283345
283666
283825
283847
284405
284518
284576
284917
284960
285008
285022
285052
285270
285334
285731
285989
286046
286890
287082
287165
287536
287542
287997
288111
288168
288176
288659
288788
288970
289537
289857
290315
291081
291115
291416
291906
291942
291990
292108
292144
292223
292284
292530
293248
293254
293420
293461
293893
293933
294401
294660
294703
295474
295577
295641
295896
296201
296444
296490
296493
296574
296581
296601
296978
296988
297123
297321
297531
297957
297971
298011
298016
298017
298109
298311
298384
298397
298445
298460
298493
298689
298906
298960
299007
299403
299431
299785
299908
300052
300500
300868
301086
301091
301149
301208
301367
301377
302228
302415
302622
302691
302875
303110
303205
303446
303713
303736
304812
304848
305049
305441
305603
305687
305705
305958
306331
306467
306594
307006
307071
307295
307576
307626
307706
307715
307975
308242
308375
308990
309347
310134
310382
310393
310904
311422
311695
311865
312084
312170
312308
312517
312558
313529
313546
313717
313787
313958
314032
314032
314496
314549
314821
315293
315667
315700
315743
315808
316363
316525
316789
316809
316821
316844
316915
317111
317423
317575
318012
318136
318265
318301
318303
318571
318783
318875
319352
319623
319783
319857
319954
320135
320166
320354
320401
320529
320626
320781
320959
321187
321230
321551
321971
322124
322130
322178
322304
322673
322998
323004
323067
323093
323210
323247
323606
323994
324053
324104
324302
324365
324726
325317
325504
325891
326167
326330
326434
326533
326864
327157
327297
327319
327744
327819
327928
328104
328399
328808
329200
329209
329228
329547
329568
330643
330782
330871
331039
331433
331615
331704
331850
332202
332652
332678
332705
332746
333087
333163
333327
333384
334030
334148
334346
334507
334606
334895
335864
336022
336024
336090
336124
336174
336194
336681
336878
337066
337436
337548
337648
337915
338079
338197
338436
338459
338954
338987
339060
339154
339200
339255
339298
339555
339798
339821
340195
340208
340249
340329
340521
340743
340824
341109
341507
341744
341902
341980
342136
342142
342235
342308
342438
342498
342594
342757
342913
343201
343501
343647
343866
344008
344245
344961
344999
345066
345161
345223
345511
345599
345632
345834
346023
346036
346068
347108
347648
348178
348349
348418
348484
348619
348964
348984
349124
349330
349503
349571
349637
350279
350331
350725
350895
351218
351483
351595
352127
352255
352363
352500
352775
352901
352986
354193
354834
354881
355215
355402
355417
355627
355899
355923
356352
356536
356569
356750
356871
357142
357298
357475
357481
357680
357736
357827
358000
358082
358295
358631
358861
358961
359374
359621
359740
359753
360125
360337
360679
360767
360935
361050
361135
361392
361441
361711
361909
362980
363024
363110
363453
363557
363592
363907
364048
364105
364329
364488
364770
365223
365501
365884
365930
365963
366025
366060
366359
366443
366446
366472
366797
366803
366821
367054
367155
367452
367712
368016
368128
368449
368656
368730
369043
370120
370464
370604
370823
370869
370948
370983
371043
371091
371679
371888
372011
372639
372640
373095
373173
373250
373364
373365
373458
373587
373604
373689
373703
373732
373932
374146
374409
374538
374644
374744
374777
375061
375113
375156
375771
375912
376370
376721
377632
377781
377917
378186
378324
378357
379153
379158
379316
380096
380257
380342
380664
380664
380685
380855
381354
381499
381575
381703
381709
381804
382042
382048
382094
382158
382629
383035
383093
383142
383238
383360
383363
383515
383562
383898
384010
384098
384126
384146
384487
384629
384795
384967
385002
385218
385249
385659
386345
386634
386832
386835
387094
387182
387339
387406
387410
387611
387689
387725
387778
388375
388391
388572
389484
389579
389829
389939
390230
390234
390440
390654
390753
391028
391133
391441
391565
391899
391983
392139
392301
392478
392713
393238
393997
394457
394676
394685
395761
395903
396489
396668
396985
397520
398066
398586
398711
398713
398886
398940
399429
399564
399628
399692
399839
399888
399968
400173
400431
400813
400824
400998
401362
401379
401413
401560
401652
401743
401821
401846
402019
402059
402065
402073
402104
403037
403256
403309
403394
403613
403667
403949
404147
404166
404364
404552
404738
404813
405029
405134
405157
405188
405197
405259
405344
405959
406091
406099
406603
406688
406771
406852
407112
407167
407693
407864
408020
408140
408287
408457
408509
408762
408869
409120
409272
409697
409786
409805
409809
409903
409920
409969
409992
410180
410201
410646
410686
410691
410731
411080
411132
411764
411953
412072
412679
413205
413405
413585
413896
414028
414367
414389
414498
414693
414745
414829
415190
415650
416797
416958
417026
417157
417460
417520
417948
418140
418150
418198
418436
418620
418965
419083
419210
419612
419977
420120
420294
420421
420650
420688
422119
422265
422382
422386
422502
422832
422865
423145
423221
423572
423732
423829
424021
424028
424131
424291
424767
424785
424813
424852
425001
425419
426165
426252
426283
426357
426406
427179
428089
428177
428218
428429
428653
428985
429071
429192
429675
429777
430286
430382
430407
430486
430549
430621
430813
430921
431000
431196
431495
431664
432014
432256
432743
432803
433310
433571
433934
433976
434133
435039
435304
435458
435492
435639
435653
435883
435939
436191
436275
436818
436982
437442
437612
437835
437929
438022
438041
438290
438402
438830
439255
439376
439381
439466
439849
440489
440566
440657
440868
440979
440984
441098
441126
441213
441469
441806
441808
441821
441830
441846
441875
441952
442329
442416
442545
442738
442976
443015
443509
443770
443794
444004
444034
444603
445019
445531
445607
445740
445868
446475
446999
447161
447278
447285
447424
447432
447923
448039
448148
448538
448923
448964
448989
449157
449250
449314
449408
449424
449453
449557
449569
449593
449602
449609
449689
449859
450027
450180
451212
451869
452557
452622
452680
453498
453790
453907
453998
454018
454568
454608
454851
454929
455030
455129
455929
455977
456162
456232
456305
456347
456792
457289
457980
458143
458303
458448
458763
458861
458876
459222
459546
459683
459830
460475
460822
461203
461422
461484
461739
461986
462018
462130
462225
462634
462684
462733
463117
463188
463201
463233
463368
463399
463516
463540
464181
464403
464881
465200
465378
465478
465799
465811
466011
466021
466955
467014
467155
467262
467304
467758
467903
468026
468173
468439
468442
468673
469030
469034
469273
469617
469714
469716
470000
470028
470465
470642
470716
470985
471132
471630
471757
471848
472086
472200
472262
472440
472587
473055
473224
473752
473905
474182
474542
474683
475037
475627
475666
475805
475904
476029
476270
476288
476297
476894
477015
477105
477236
477431
477962
478053
478117
478264
478528
478564
478935
479045
479045
479282
479483
479695
479747
480177
480825
480827
480910
481048
481061
481102
481389
481412
481504
481954
482414
482466
482486
482534
483031
483188
483305
483654
483678
483855
483917
484118
484344
484421
484800
484843
485124
485410
485452
485464
485493
486137
486192
486611
486694
486898
487381
487543
487609
488205
488471
488585
489103
489178
489982
490384
490435
490623
490722
490897
490962
490977
491090
491366
491412
491422
491437
491712
491792
492055
492319
492384
492432
492808
492854
492860
493211
493237
493485
493761
493810
493931
494130
494703
494808
495158
495485
496165
496279
496312
496544
496732
497019
497282
497468
497537
497690
497808
498013
498194
498460
498495
499045
499206
499604
499842
500007
500069
500137
500159
500396
500808
500956
501107
501159
501208
501375
501439
501489
501629
501931
502073
502350
502631
502794
503266
503595
503881
504065
504070
504563
504702
504841
504941
505328
505541
505567
505698
505970
505996
506464
506542
506559
507053
507089
507331
507540
507713
507816
507835
507951
508014
508063
508488
508527
508561
508585
508660
509208
509283
509342
509387
509467
509582
509718
510130
510254
510322
510826
510853
510869
511126
511264
511531
511747
512093
512220
512286
512573
512665
512687
513183
513253
513308
513647
513764
513772
513777
513881
514278
514329
514548
515131
515325
515367
515648
515731
516204
516556
516729
516924
517001
517077
517169
517473
517921
517964
517976
518454
518558
518587
518867
518907
519011
519219
519407
519713
519850
519862
519906
519978
520011
520151
520226
520369
520391
520427
520479
520737
521450
521575
521727
521915
522045
522217
522231
522242
522255
522297
522395
522945
523077
523133
523565
523566
523855
524014
524302
524678
524809
525022
525218
525545
525775
525893
526256
527498
527693
527772
528282
528896
529015
529390
529606
530160
530289
531032
531495
531583
531607
531685
531950
532109
532137
532265
532342
532489
532633
533529
533544
533970
534069
534436
534502
534662
535516
535622
535735
535920
536275
537260
537377
538475
538503
538713
538724
539259
539681
539687
539881
540180
540247
540766
540775
540960
541704
541708
541838
541998
542222
542626
542626
542703
542771
542849
542889
543035
543204
543476
543637
544727
544864
544940
545000
545007
545060
545179
545532
545628
545893
546554
546774
547116
547309
547354
547807
547940
547952
548049
548250
548455
548923
549063
549182
549280
549338
549428
549506
549890
550361
550531
551206
551230
551334
551763
551907
551925
552011
552063
552106
552650
553044
553064
553115
553255
553540
554286
554464
554687
554821
554913
555176
555201
555247
555311
555493
555611
556444
556496
556619
557150
557250
557267
557277
557619
557658
557706
558067
558378
558524
559733
559977
560560
560700
560735
560830
560954
560957
561045
561310
562420
562728
562749
562764
563321
563924
563929
564312
564394
564501
564726
564810
564842
564967
565664
565727
565895
565945
566074
566115
566532
566704
566991
567107
567264
567353
567904
567931
568309
568404
568835
568974
569156
569711
569942
570025
570132
570533
571104
572007
572553
573215
573746
573861
574100
574189
574223
574233
574407
574440
574482
574507
574768
575189
575203
575257
575459
575587
575593
575704
575779
575815
575835
575981
576093
576101
576436
576518
576602
576663
576770
576858
577485
577515
577589
577633
577679
577782
578018
578211
578236
578237
578317
578411
578716
579218
579252
579262
579294
579454
579621
580002
580250
580391
580457
580470
580479
580839
580901
581365
581646
581860
581916
582120
582144
582412
582944
583004
583038
583071
583149
583663
583665
583702
583927
584088
584408
584484
584943
584945
585074
585187
585345
585707
585716
585799
585923
585971
586111
586159
586620
586792
587058
587161
587213
587684
587778
587831
587931
588054
588948
589186
589325
589371
589614
589678
589902
589921
590166
590276
590468
590596
590708
590988
591092
591370
591788
592210
592512
592860
592924
593087
593094
593160
593245
593334
593334
593337
594035
594061
594073
594248
594685
594720
594946
595447
595783
595886
596487
596772
596827
596875
597215
597298
597792
597806
598250
598397
598589
598766
599002
599063
599362
599415
599436
599491
599613
599648
599833
600211
600773
601352
601385
601679
601915
601949
602165
602478
602634
602787
602829
603065
603390
603978
604225
604357
604678
604719
604725
604930
604934
605221
605863
606161
606360
606825
606935
607299
607369
607444
607568
607650
607700
607779
607811
608082
608191
608276
608509
608768
608971
609072
609189
609210
609421
609530
610217
610355
610617
610675
610734
610768
611494
611789
612003
612032
612849
612903
612977
613102
613311
613814
613863
614099
614317
614322
614400
614409
614564
614801
614953
614984
615013
615129
615187
615380
615493
615609
615620
615738
615746
615900
615936
616224
616366
616378
616621
617004
617412
617479
617528
617566
617870
618074
618513
618813
618966
619027
619037
619364
619962
620092
620184
620627
620861
620903
621068
621095
621177
621283
621286
621312
621469
621673
621797
622132
622268
622332
622549
622558
622629
622676
622725
622842
623613
623872
624040
624783
624889
624897
625307
625550
625588
625622
625841
625911
625914
626020
626198
626315
626681
626864
627596
627684
627942
628027
628121
628276
628374
628505
628565
628979
629039
629262
629387
629391
629497
629761
629845
629864
629911
629927
630014
630509
630676
630854
630946
631112
631122
631328
631370
631874
631943
632178
632338
632583
632657
633480
633729
633927
634370
634440
634500
634609
634721
634847
635654
635760
636016
636044
636147
636171
636319
636347
636390
636418
636520
636810
636831
636844
637216
637328
637524
638646
638727
638883
639110
639618
639683
639843
639982
640129
640204
640467
640483
640681
641740
642058
642235
642251
642652
642696
642736
642883
643027
643139
643319
643422
643827
643993
644112
644535
644594
644671
645323
645637
645705
646556
646777
646918
647013
647445
647825
647933
648077
648108
648285
648460
648609
648901
648923
649340
649458
650070
650163
650456
650536
650603
650662
651022
651825
651908
652471
652788
652902
653308
653477
653559
653617
653824
653865
653980
654166
654342
654761
655683
655801
655902
655939
656097
656122
656351
656475
656686
656893
656898
657200
657223
657557
657604
657714
657749
658314
658569
658791
658926
659050
659078
659299
659471
659547
659742
659743
659969
660194
661468
661493
661527
661759
661973
662060
662132
662182
662564
662665
662859
662863
663013
663981
664034
664251
664691
664700
664701
665666
665924
666136
666989
667013
667261
667325
667613
667725
667768
668290
668790
668923
669279
669502
669508
670227
670575
670635
670892
671071
671289
671412
671442
671477
671509
671744
671829
671943
672181
672585
672618
672621
672767
673051
673052
673745
673755
673976
674078
674705
674807
674807
674808
675123
675445
675846
675910
676351
676404
676490
676874
676883
677029
677311
677503
677687
677749
677942
678078
678085
678441
678564
678657
678731
678797
679360
679402
679824
680278
680354
680436
680621
680830
680851
681119
681135
681991
682125
682400
682448
682480
682551
682759
682765
682781
682954
683053
683087
683249
683257
683449
683453
683480
683638
683664
683789
683837
684001
684200
684702
684906
684932
684955
685041
685332
685767
686117
686694
686720
686840
686919
687136
687481
687961
688227
688307
688339
688608
688630
688697
689358
689365
689585
689676
689774
689910
690226
690325
690619
690708
690848
691192
691227
691315
691382
691490
691873
692008
692031
692064
692081
692244
692693
693157
693426
693628
694124
694297
694895
695264
695370
695628
695995
696277
696435
696605
696617
696637
697014
697523
697651
697913
698028
698135
699055
699174
699594
699812
699957
700112
701081
701822
702095
702309
702399
702817
703707
703777
703974
704207
704476
704640
704845
705065
705075
705365
705397
705479
705582
706105
706201
706287
706289
706303
706336
706661
706870
707311
707818
708070
708280
708319
708407
708474
709269
709335
709553
709675
709681
709810
709925
709926
710179
710229
710277
710306
710515
710616
710740
711148
711178
711611
711663
711721
711758
711847
711973
712046
712247
712763
713119
713493
713656
713728
713837
714376
714665
714678
714905
715013
715072
715107
715280
715346
715430
715460
715574
715773
715805
716274
716429
716818
717387
717596
717695
717733
717882
717973
718029
718449
719141
719270
719351
720501
720585
721286
721290
721551
721948
722130
722501
722992
723137
723760
723787
723918
724345
724492
724649
724725
725356
725543
725748
726178
726182
726186
726351
726398
726791
727072
727087
727243
727331
727770
727930
728063
728245
728462
728540
728792
728890
729210
729612
730008
730220
730362
730406
730690
730737
730860
732476
732526
732589
732704
732709
732765
732838
733225
733283
733582
733774
733900
734098
734113
734292
734428
734569
734927
735097
735281
735497
735613
736802
737057
737184
737828
737949
738566
738608
738994
739093
739509
739674
739741
739823
739861
740370
740484
740638
741022
741096
741273
741368
741981
742232
742427
742487
742603
742786
743169
743224
743668
744038
744188
744251
744318
744597
745118
745237
745262
745592
745623
745933
746547
746694
747118
747530
747736
747744
747771
748045
748163
748382
748418
748602
748750
748757
748977
749983
750095
750332
750466
750682
750730
751198
751288
751338
751404
751772
751797
751939
752349
752609
752755
752826
752907
753052
753075
753348
753357
753577
753747
754201
754232
754244
754606
754664
754679
754872
754980
755014
755105
755144
755268
755393
755593
755861
756187
756308
756347
756504
756781
757038
757186
757240
757264
757578
757707
757789
757868
757893
757910
758101
758370
758807
759018
759314
759340
759823
759948
760843
760868
761118
761144
761146
761373
761373
761521
761593
761746
761785
761979
761980
762055
762178
762473
762611
762680
762999
763176
763193
763287
763481
763823
763975
764354
764820
764957
765147
765159
765226
765691
765776
766786
767316
767448
767683
767719
768065
768321
768522
768806
768950
769056
769152
769308
769839
769875
770328
770512
771035
771086
771213
771264
771325
771851
771864
772195
772270
772433
773139
773144
773400
773784
774279
774500
774618
775034
775272
775340
775476
775772
776111
776154
776194
776334
776848
776920
777626
777910
777971
778059
778494
778911
779115
779535
779721
780222
780226
780502
780502
780835
780886
781520
782618
782627
782733
782755
782965
783012
783177
783189
783221
783307
783362
783642
783694
783722
783750
783783
783808
784045
784532
784930
784941
785237
785269
785389
785412
785596
786007
786420
786666
786698
787007
787446
787504
787639
788019
788242
788580
788681
788857
789307
789385
789790
789933
790200
790295
790371
790468
790494
790965
790999
791191
791731
792490
792521
792732
793197
793599
793740
793769
794083
794598
794653
794860
795238
795416
795483
795549
795608
795670
795677
795795
795956
796123
796367
796598
796899
796954
797016
797194
797732
797825
798068
798100
798199
798471
799095
799303
799520
799666
800191
800336
800375
800997
801269
801287
801589
801701
802059
802500
802538
802854
802899
803364
803892
804037
804121
804299
804309
804338
804493
804502
804738
804817
804825
805011
805094
805146
805270
805322
806121
806208
806339
806379
806582
806633
806709
806800
806940
806981
807161
807498
807786
807855
808072
809313
809526
809847
810138
810234
810609
810614
810724
810792
811085
811103
811266
811369
811494
811713
812010
812181
812227
812636
812662
812907
813040
813164
813356
813417
813534
813666
814710
815030
815066
815096
815162
815329
815529
815653
815689
815874
815947
816455
816460
816706
816782
816845
817031
817432
817693
817887
818043
818076
818518
818661
818704
818768
818794
818894
818904
819043
819068
819186
819421
819613
820060
820162
820496
820538
821230
821605
821751
821974
822189
822212
822241
822324
822444
822812
822914
823072
823336
823701
823730
824119
824464
825054
825184
825423
825535
825672
825842
825953
826166
826688
827416
827599
827843
828326
828487
828496
828580
828589
828836
829194
829435
829556
829752
829797
829912
830083
830166
830270
830416
830438
830630
830770
831029
831065
831562
831700
831753
831801
832505
832587
832777
833364
833421
833597
833663
834071
834218
834292
834650
834838
835068
835683
835811
835832
836000
836020
836096
836220
836825
837245
837308
837426
837515
838148
838187
838336
838431
838624
838735
838809
839185
839314
839609
839901
839914
840490
840818
840952
840983
841102
841123
841227
841366
841486
841511
841587
841616
841673
841829
842170
842184
842346
842363
842428
842549
842617
842648
842652
842924
843073
843524
843605
843850
843996
844249
844314
844413
844554
844711
844833
845138
845525
845834
846047
846147
846356
846589
846595
846686
846873
847157
847244
847685
848463
848809
849315
849482
849844
849911
850479
850900
851091
851519
851659
851834
851886
852044
852527
852625
852787
852962
852975
853555
853583
853743
853878
854264
854559
854891
854892
854964
855378
855534
855689
855707
855794
856410
856522
856564
856717
856919
857052
857587
857963
858270
858491
858570
858644
859613
859808
859881
860200
860342
860946
861051
861164
861835
862009
862065
862771
862959
863815
864119
864132
864136
864169
864506
864681
865598
865629
866025
866240
866870
866929
867614
868047
868378
868415
868419
868446
868711
868848
868926
869036
869095
869516
869526
869684
869921
870075
870100
870406
870636
870961
871033
871227
871391
871512
871896
871933
872227
872234
872663
872762
873046
873223
873297
873905
874213
874332
874832
874887
875201
875292
875440
875637
875778
875994
876126
876139
876604
876865
877110
877537
877567
877620
877667
877786
877819
877892
877961
878042
878141
878243
878570
878673
878681
879392
879428
879567
879832
880030
880097
880322
880335
880436
880851
880867
881234
881260
881648
881776
881807
881996
882282
882394
882510
882587
882730
882906
883135
883150
883507
883671
883850
884390
884698
885147
885155
885237
885315
885642
885770
885856
885899
885976
886201
886368
886449
886700
886946
887278
887312
887374
887392
887522
887886
888340
888345
888496
888523
888641
888874
888880
889011
889043
889132
889151
889158
889232
889268
889548
889575
889588
889650
889851
890174
890233
890334
890516
890529
890626
890681
890969
891035
891046
891150
891590
891605
891908
891911
892044
892222
892437
892543
892750
892969
893116
893247
893253
893337
893741
893849
894456
894807
894834
895558
895602
895647
896500
896589
896673
896715
896768
896821
897073
897389
897980
898313
898611
898754
898933
899105
899359
899646
899775
899906
900011
900173
900348
900509
900682
900973
901540
901842
901888
901985
902292
902437
902538
902555
902705
903381
903529
903536
903539
903721
903946
903952
904128
904135
904577
904614
904735
904820
905005
905188
905395
905599
905705
905855
905922
906097
906245
906667
907032
907041
907072
907283
907316
907421
907459
907697
908017
908018
908128
908283
908687
908690
908949
909220
909271
909332
909574
909596
909932
909977
909997
910150
910516
910843
911031
911223
911371
911749
911919
912032
912084
912122
912231
912397
912531
912651
912711
912769
912801
912970
913127
913523
914355
914798
914937
915541
915813
915923
915925
916158
916396
916525
916840
916901
916973
917004
917152
917506
917580
917662
917793
917834
917837
918027
918064
918716
918885
918928
918991
919042
919088
919425
919504
919580
919723
919736
920158
920324
920942
921236
921319
921338
921677
921764
921779
921967
921990
922696
923214
923327
923340
923424
923713
923984
924021
924052
924059
924135
924736
925191
925327
925522
925595
926000
926232
926509
926630
927127
927154
927187
927190
927260
927547
927679
927687
927715
927743
928028
928034
928145
928258
928640
928853
929242
929313
929329
929370
929425
929571
929707
929748
929888
929983
930008
930206
930660
930876
931025
931348
931889
931950
932106
932605
932790
932879
932914
932994
933180
933690
933954
934070
934155
934244
934716
935178
935224
935436
935492
935586
935827
935927
936206
937020
937274
937315
937431
937463
937975
938132
938465
938559
939149
939573
939612
939711
940256
940800
940810
941040
941132
941225
941284
941499
941514
941541
941722
941767
943301
943306
943521
943657
944003
944644
944961
945103
945247
945464
945538
945586
946039
946062
946207
946235
946704
946738
947208
947593
947786
948152
948407
948660
948715
949048
949295
949396
949428
949579
949762
949822
949937
949959
950204
950452
950646
950667
950677
950728
950816
950970
950995
951082
951592
951798
951944
952185
952245
952310
952353
952409
952645
952678
952758
952967
953101
953653
953707
953798
953879
954040
954082
954095
954247
954471
954671
954791
954807
955613
956117
956263
956353
956719
956793
956826
956905
956990
957139
957391
957557
957949
958060
958298
958421
958616
958662
958707
958776
958881
959066
959198
959303
959399
959406
959541
959638
959661
960028
960092
960675
960845
961007
961114
961121
961202
961250
961394
961731
961745
962316
962582
962823
962833
962847
962857
962878
962953
963018
963202
963280
963339
963433
964314
964387
964842
964916
965114
965186
965441
965717
966033
966434
966541
966573
966579
966583
966786
966827
966864
966895
967380
967822
967907
968038
968092
968337
969302
969322
969401
969409
969469
969644
969991
970103
970188
970296
970568
970939
971055
971061
971061
971280
971536
971772
971944
972589
972883
972908
972993
973279
973387
973388
973577
973610
973978
973983
974341
974444
974899
975152
975516
975782
975872
976169
976652
976761
977031
977101
977503
977947
978037
978332
978429
978443
978671
978734
979043
979585
979600
979823
980105
980113
980288
980676
980881
981007
981200
981739
982249
982289
982372
982409
983320
983486
983567
983576
983614
983662
983744
983839
983880
983959
983998
984121
984385
984852
985015
985451
985619
986187
986289
986399
986400
986568
986619
986747
986957
987330
987497
988176
988275
988726
988801
988805
988912
988972
989092
989192
989203
989400
989720
989745
990075
990252
990332
990335
990553
990668
990743
990946
990997
991099
991407
991526
991668
991773
991947
992218
992446
992484
992552
992586
993169
993245
993321
993557
993629
993852
994133
994160
994430
994454
994459
994517
994570
994787
994889
995795
995827
995860
995895
996020
996205
996275
996433
996511
996857
997039
997281
997406
997695
997749
997790
997820
997879
997920
998058
998323
998447
998895
999005
999619
999794
