376371
3831
810883
961947
225896
656696
342365
442471
504143
134522
683405
429106
197181
190200
123492
711452
316958
262333
816458
444575
328499
140719
127067
906736
993769
985422
607085
451856
697218
987306
878357
295397
131034
157274
386703
900555
226102
687603
327039
277214
611642
799413
189631
850977
84731
808655
626571
370483
331113
942253
467477
136965
324419
26678
489497
12949
43773
798420
791055
437910
866555
159711
752350
97135
682932
826159
585869
514755
830454
962113
320433
321110
931202
817797
132111
572959
526699
220380
610871
246102
278503
298133
863574
713217
696569
71211
301825
154621
821601
785249
770682
704442
165010
401452
305679
73297
32919
369822
925950
293784
873551
466889
912407
323562
817224
94825
961454
268838
450568
626137
641607
214775
843789
127540
848523
431163
558026
967300
747413
595984
565943
367523
530832
65041
56497
186983
452339
184948
567119
731367
301643
810866
162719
251786
82666
451485
814394
240779
588680
865254
334272
674756
138229
466890
967062
149353
85470
432507
247935
332577
161877
894795
177386
89127
234055
381417
633794
717233
245333
326693
879710
424834
618330
491249
435627
87270
721057
822165
544504
39738
760359
282959
738124
475645
31727
101901
469571
633411
203380
207394
71301
282360
138197
299838
311077
680966
365780
669864
473046
193776
125274
393978
548059
508321
423153
631300
44896
43291
670721
878191
575391
155932
737909
396602
264946
325284
797205
74666
64661
624531
967909
920602
260006
712035
589445
446641
655548
305521
110245
902945
733449
619945
362159
862888
762086
930325
598426
486836
626549
803364
413133
337355
810592
524715
366460
530808
65338
264244
624505
682016
252532
76400
238040
852390
534113
91213
125968
814462
864117
532072
411566
583920
766711
245133
363569
746311
731926
453554
195081
31201
578429
994601
330425
337515
722511
579907
358739
773538
325911
812418
90229
524687
616477
802801
655765
208197
573695
903581
444852
274045
618676
167445
754924
913674
37591
799112
606431
199790
309430
842874
308316
921269
214431
88482
78925
31105
4545
139632
704711
722226
950403
314771
725996
536086
251199
158769
591982
257354
269938
24591
319462
148341
232881
468406
90327
244253
520581
461089
893703
798724
636607
877744
7280
669927
629304
809211
485587
203289
132364
690535
878681
725862
523952
417016
61900
23856
749696
971855
83352
695546
500821
889935
266
198299
932612
96190
122234
904958
868708
105547
898923
856585
711303
274443
64722
653956
24890
198333
206869
257331
528873
12089
65386
846795
411307
379784
784952
681825
745649
423361
434006
855339
429681
559256
636768
159950
463483
115038
358267
5549
954398
739531
725945
466869
715418
624329
954992
540130
785482
406415
38179
997016
552821
873235
143393
492251
915964
411759
158005
681731
661370
445264
924467
139923
462325
647994
34470
997037
811941
500564
91634
354834
93634
45208
343755
397766
58777
491596
825306
345770
713146
58430
382008
745661
258151
42430
181
183967
387015
202371
514721
87678
274309
706119
431180
471294
511767
553765
586435
450584
731647
535435
210632
719967
654001
167124
75893
138797
791983
636239
113583
171855
606834
917456
86432
370843
24852
530811
69704
442194
521922
721931
993726
105366
579702
709507
584629
194759
59708
684053
324905
521874
696515
538530
687983
142650
731380
852199
474328
928659
138238
879834
349826
537894
805615
460402
6375
969498
280219
106916
357448
687146
806695
147605
172452
32200
922053
831303
921713
467378
942592
528036
477378
950345
755249
755910
538160
299687
383695
159886
924392
311304
239629
322895
304808
165741
809819
379317
383787
202015
526257
720821
113977
170882
896510
140902
108792
104655
428685
957698
533635
817623
299190
5429
249655
365327
304240
671557
320158
553761
325563
392983
44984
400680
780685
494320
171353
409118
866428
845092
363195
875648
738095
659341
515061
691414
533602
479282
390358
873555
268956
763989
815148
406182
107846
111873
63473
851127
322350
132017
866
995791
420978
590303
602304
812297
608015
218347
989567
86251
955448
157865
386536
484684
177093
226958
684942
34471
905068
423837
891651
787962
990967
965265
144271
481603
186701
699755
563792
894715
621327
221466
989043
8494
328829
851896
733009
573471
915395
486146
217544
334817
157533
690541
194228
898965
34683
184138
905639
14228
416226
3299
509161
370252
121491
162965
622631
972350
197463
555368
386186
101676
920515
117763
420808
796691
806962
504706
389855
85361
129251
447628
830086
71485
162104
88520
220520
350169
495571
96457
465187
429491
813273
469621
406036
450807
45612
542169
271343
865911
997025
851708
172597
590648
453966
612753
99625
230167
796553
345027
305552
687530
931533
143319
324378
763584
739283
296314
819811
335911
482696
545686
133807
746101
570841
533103
77509
41047
918556
729415
185915
201714
178864
377929
258396
653461
301402
203584
806142
995316
722949
529645
424272
93624
463238
339796
75659
248927
481930
349646
528632
51796
909051
67780
716230
657539
641400
143863
96107
979565
64153
893471
798244
944852
938420
262732
438540
51229
949174
455214
908063
378273
729496
448227
167689
790914
139799
323964
584328
660794
907945
149766
853737
910959
715074
115126
168667
658512
310047
353710
665746
707803
567959
426468
663248
556528
128612
322515
332981
798060
776231
215349
31884
911244
667278
178486
349894
997919
116612
463819
267781
793619
345857
397902
698952
505255
336469
578427
389524
529950
504365
553384
908173
479940
385768
3004
187643
928862
253994
753045
832638
682114
354601
74404
638941
226309
798405
100091
119169
16419
633753
508693
930474
875694
209262
972945
303539
910387
95996
49291
172274
354136
697042
916512
322266
629157
518938
423389
581722
136779
172200
954313
510790
627699
568210
485063
815188
49297
431375
363971
224066
853727
152185
125391
27963
45635
61031
821840
909832
18862
72989
683550
6014
470560
671483
905727
415352
26
844035
241572
337641
224991
22996
481309
336162
787898
210706
472436
66157
21814
667281
249348
395984
733391
756042
552711
674935
705036
908096
421487
286723
69177
822164
784125
929272
950516
920228
344329
209074
125477
96802
308416
380559
982531
528634
352956
768461
237046
269095
444164
756137
557862
747519
184603
862576
587511
88348
369222
194999
816344
547265
205737
303118
114242
580113
878606
718268
780611
562863
18225
945948
505434
533418
17238
54579
591934
623985
857405
691085
728865
843457
22251
557134
635473
397322
349964
309705
342739
878871
352850
223265
167460
902694
171655
498303
698683
614417
225102
786394
60010
428967
702109
971825
971518
500696
355300
950748
399632
282921
459371
198478
307381
430600
631022
703505
515636
810072
620261
167941
339870
773093
111575
211698
843283
918242
285096
947261
906638
210115
338707
831058
937871
573894
353150
420956
994485
474497
449761
834168
621894
636022
69748
496574
223805
914496
22980
134297
281668
46831
981693
532437
71569
311820
637093
734479
765223
267608
152527
778067
631016
64684
240438
107389
471796
592585
262462
623999
529665
897938
750681
869200
280683
577076
918069
925725
736620
821293
625691
19212
337210
641020
681068
711026
562567
634122
403826
380034
423982
13303
109287
211541
593355
345013
706053
573606
85858
287501
234715
685389
153887
144647
492881
115281
141074
245194
302684
61269
668619
383008
962389
13462
664384
433857
52251
529706
820295
408628
899818
672393
865784
784944
553038
795121
534850
340036
383522
909340
102674
228532
495714
972598
672725
242510
665575
929090
273817
906038
712330
962058
654434
910285
888717
469007
774359
40789
649521
228213
648035
124762
632050
974769
764317
574962
675012
467342
983964
825315
992368
175472
87879
977788
340400
194968
699867
696309
496015
942070
790796
872413
587820
509160
548005
398304
808561
571319
591963
399939
165974
193655
639272
325154
11653
31564
447276
99672
428167
371392
802482
122184
576769
836208
611820
23992
415261
637857
835643
534962
765270
65150
460852
249741
323599
491096
724121
791615
999472
293385
162708
544189
36485
313796
628071
703104
614691
121572
549367
692228
950693
772356
619480
90202
364049
170492
16679
377546
627533
199773
472644
901477
829661
345561
99288
515095
123330
521229
826117
51485
254789
787692
375434
11913
412963
180988
531901
395489
375762
894336
943409
882398
373561
530163
20051
95769
301417
306258
435862
333104
690742
489926
470459
225804
875986
451765
245861
855534
297212
762304
561025
358912
661698
534963
527121
367208
313461
83762
394650
746084
167792
129689
186570
598397
602428
14333
7991
986609
199612
76584
901929
63893
52990
752131
276346
429403
718609
938543
174537
956860
15211
733761
499442
354334
665434
386164
26381
769820
826005
772342
876880
165634
635123
509580
587744
815576
916524
287223
79552
802353
647794
429520
274781
772196
359367
384234
105515
354451
369077
399953
427167
663293
562340
300253
409210
726368
725401
420947
211332
765824
955417
113478
3124
155072
174189
648327
459464
600157
174260
266420
904073
862101
954426
291450
932011
967354
68176
716483
150058
144047
939427
526956
989583
670083
107084
636796
332869
163630
655446
156037
20707
758299
644243
811539
72421
772331
938287
315698
726488
416062
881374
971854
798426
508574
291476
433045
524455
692772
268523
325325
934060
584675
701951
459484
205009
492229
510799
624564
802398
672168
203438
265613
324758
580388
9154
288576
131370
983800
720992
914625
738101
717553
13002
939998
21106
253424
847741
596233
737788
311089
231468
583933
438910
323812
940503
940905
276544
713396
646733
579066
953777
548406
101046
396872
386367
586919
989636
453740
23933
339308
751746
916892
222150
377926
735079
546106
269835
814455
578983
313880
859467
381457
804892
49631
645361
708542
355241
833763
314138
677198
509713
281374
673585
822099
809771
776398
407019
695345
851217
99385
83849
863777
495088
943846
230059
301790
763959
519075
692145
198910
334101
887235
801032
485054
599258
465933
354274
142734
664050
255591
876465
684213
514642
124569
866997
317842
394029
645114
910825
574389
632293
906714
22572
280179
384538
357464
921687
689010
699409
754403
360533
334032
731479
708225
765654
497926
503873
423496
475442
990612
946386
931328
493192
834671
353380
982363
325060
967736
39647
817615
361442
785008
685474
502576
396966
260380
359717
692772
73789
435324
809908
584769
654576
340352
990170
733500
822797
765142
26563
636914
574710
292508
670997
332789
790758
589074
948799
254421
873844
885686
558930
563529
606533
952554
809693
564195
458184
228412
711107
313179
991618
153558
998223
629580
983481
615033
773442
694095
792379
347266
430431
445570
296750
227807
453701
465781
919463
94654
705866
279516
409806
81231
29720
279536
673602
379593
29493
331408
348256
601716
942204
621610
305711
354731
716944
86337
286145
735381
838725
219284
58660
604676
796021
816132
536296
586192
988327
829881
490763
181871
466322
410745
792105
811728
506667
132739
386978
884255
365131
268884
420238
366533
802592
559418
613027
752205
527671
237199
637573
944771
338000
129137
401844
132479
271759
611414
347719
546819
785793
795014
298652
586948
507205
845266
681736
372893
47828
339470
874157
43402
703849
848825
261834
164229
729215
519938
193419
817426
462778
177576
47478
575069
413729
509944
408360
457213
373452
895092
247072
361003
165036
829513
919861
642214
450977
559372
13871
156943
709402
274970
119325
480975
803426
522718
377588
680294
82377
140970
761681
646759
481022
867606
765102
690343
235201
307174
220452
487390
610604
718916
68627
533859
781483
681558
486818
928909
372403
529956
150228
568930
426302
816357
555365
470389
292692
910746
87907
352408
792338
587888
473999
619560
659314
743948
832542
699696
399106
827524
473601
595241
46608
241970
475320
734106
869296
939934
598021
327886
565773
526123
162793
892492
96714
727448
32270
862248
875188
447106
311272
949242
299833
609618
435093
975282
61252
140500
299451
569602
639022
867610
115033
188756
209118
521864
958335
597814
563550
553357
231663
241414
386262
116838
721980
554083
911234
307060
734630
177941
433346
640919
464058
762902
722749
513371
183553
641548
692720
666719
619225
69276
855867
67058
279593
515761
986900
325290
32033
196793
473769
781272
769548
389995
907760
945267
532458
235177
557086
792514
403801
877085
446364
584782
748475
299756
826311
245
535346
271617
896747
68195
701740
447610
721557
678745
237665
150104
586919
833803
594195
243357
632015
884028
357375
768969
671448
978725
188528
688741
879922
510098
932370
657975
378284
218204
794619
299082
330873
476768
857704
988027
982205
680495
759302
648404
624522
820468
564183
195802
409134
690043
731622
230069
476912
860108
593368
456930
492381
964431
355523
330272
266290
352038
814054
571065
639949
72446
827538
261297
766646
603178
416098
47432
975562
705840
354409
19585
941330
323854
27834
910420
193246
978264
276514
483179
46577
553529
334890
122859
33100
834069
480355
4005
418260
868028
774024
621797
321095
880960
46985
909462
461316
855151
933952
930131
459569
769769
358029
829723
329312
689073
784627
710008
404334
55301
310709
53693
541767
264498
411632
56832
277705
781168
735366
476993
195084
591507
671722
76562
223123
106653
979773
537126
684770
15363
948295
738337
860592
220624
328765
244509
963053
389011
908614
168337
641203
324957
260076
830507
186261
749207
53842
878359
812557
590989
708592
730358
902614
935663
362732
873534
242457
339739
391414
280778
757989
745368
227690
804260
507826
489658
56378
245292
287095
784886
555494
874877
417882
39483
33905
496451
817899
413134
327956
390371
199876
841178
406977
812630
959385
637804
501509
749504
216449
44725
930985
729921
18632
426778
815467
184796
304833
954164
372773
777091
466141
314159
525935
845442
668997
876443
720918
802116
859691
395505
389707
807550
464249
113691
418919
14955
550254
172377
800024
677133
821111
917260
156916
745196
800884
320972
908557
697015
185770
155727
170083
473010
966894
34488
728037
913396
545759
730111
573898
814625
332664
876572
24881
980109
26309
834800
795740
622671
228093
61716
868540
807439
140156
363638
72663
5548
940596
867361
790161
503314
648948
274396
414722
238428
850243
666721
259699
794779
180442
415151
705113
428244
602000
17153
304030
69951
919602
631416
546048
194967
233919
862897
444229
893559
389481
388300
993889
524480
344679
335318
91892
239331
517637
570291
500875
684051
681738
580776
892624
538175
235008
845036
41695
827190
226531
975588
673634
310880
843388
7166
497252
281181
222375
704412
677579
934187
634476
682774
100795
783590
163690
663693
855121
684245
184706
920653
302805
969426
583680
619850
475400
595975
954931
880589
647578
425941
574787
797802
591894
291476
95593
974858
793240
789939
511036
272920
98913
325471
513979
92633
486291
965927
77218
811638
357547
245771
327861
803145
299674
901682
898375
840110
104867
305395
457093
996397
371913
213258
477251
810369
750631
395515
450360
966980
798229
806251
178341
227234
556438
664570
300799
156360
862751
450456
278799
802783
583007
842186
883672
518396
376795
456480
890391
3046
516460
897380
909706
679944
556400
375674
321155
371734
349210
151643
383377
217980
519128
872355
460797
700337
352983
806301
368198
551924
137702
940484
228366
232161
468488
335244
970558
468429
457823
958832
755500
300471
709112
442112
700564
382326
715095
437576
308677
816860
446772
150879
128678
1248
677690
146260
479204
38082
878997
830984
864736
388885
583270
190984
932129
853587
901485
545968
367617
848379
702689
666366
939841
13574
216084
456903
923257
316747
537133
294515
223491
405597
936619
741130
81296
31855
599933
73353
995256
526672
169207
867008
587756
315536
621594
735099
550292
381577
696781
344741
411999
252588
506022
839538
49141
557540
609757
394875
850650
141503
572406
228695
47505
827295
172246
460590
997980
769033
14665
445765
530786
832152
146825
165984
990905
624330
167454
717804
938945
303805
483358
274104
636368
359961
230047
922227
212527
293484
657247
659152
638725
838465
439488
467541
839214
950381
213001
36186
812739
800664
149606
33301
664771
788695
296788
791133
392823
715301
619585
193397
498036
43218
877952
293078
362989
404410
688751
744496
671373
24129
768553
164492
488390
808047
524006
9057
681849
257864
162754
122410
524203
245663
332831
19192
637672
207829
342260
463246
623644
243345
56863
756709
496249
553575
311117
652723
694997
400416
315264
458923
108085
39485
454298
282239
756659
557655
25471
396914
659505
404695
836277
470632
658628
580478
41023
641909
264259
296112
726615
153754
311441
564807
28105
624319
827064
307848
44131
805690
189024
944913
663414
3953
773935
761003
2545
350362
411500
451827
446537
329957
857571
641916
808612
559715
539040
404529
937388
990862
936011
632938
763813
877253
875383
677827
267098
435611
237862
857178
3264
809896
194441
511985
295959
103012
690531
74715
872792
157681
940470
56276
244886
404305
622044
250977
581112
587650
109194
257829
886351
821361
108323
261122
305684
815903
397210
293338
46745
664091
512639
835921
540425
797543
971439
924959
482292
347345
434414
963536
761191
563084
134432
821362
776426
576261
95875
298543
454758
897126
777399
256334
643745
203558
798
597423
491489
184327
393349
21851
637217
429284
358802
730506
794193
474624
198527
71218
792036
594842
847249
386260
390034
176977
727373
387312
588856
60965
109799
248438
245733
708753
387069
2129
602338
712038
865631
795786
992045
500881
662368
239153
545338
868042
604006
468903
14185
346713
737240
504161
392482
670593
478655
405253
8992
937747
292243
651705
816060
54422
762709
663488
200361
597307
628840
686507
785016
806181
161512
210083
152597
448211
509639
440051
311498
869232
798639
979566
473102
715922
386717
372442
824194
501932
119995
560517
283182
556425
296647
382963
993275
519596
867410
727431
165963
133617
805787
460911
788689
664981
3076
717191
720525
663580
614006
834913
561458
226138
133462
189577
284614
754632
833876
332913
919671
662928
11191
152333
826969
85049
396655
15606
747575
774065
640708
577290
703873
946172
456070
395408
251336
647580
11174
269960
509527
3974
104213
295983
175172
922419
33573
759630
954816
656381
571565
556355
867972
161422
936101
897213
819597
141894
646334
1798
459646
476039
808659
170130
343044
701143
942879
325436
541836
133133
992944
73259
854575
344954
797728
548624
619283
359465
113393
512625
315011
561536
629279
232360
631657
566266
15406
177072
328279
913211
6824
869249
863975
818997
539468
990835
431015
415121
32535
718686
836168
355343
677413
633605
319240
549020
250918
467341
940226
773822
947862
895862
790676
639388
715675
102267
113537
674655
149938
764932
974641
691692
836551
232184
110177
575260
210630
191419
577498
687267
973926
872284
407934
840292
839650
695640
386720
616515
509139
316426
172052
414001
781487
325734
751590
124168
99102
471047
970422
498849
534503
888902
73651
783853
742473
52992
84011
867325
96104
467809
671393
248612
955777
396018
455405
829234
852678
244633
632267
357178
319004
136126
629039
409257
100325
357546
978958
745068
507411
343669
7910
625136
460746
979302
850971
843543
858052
401046
451915
857439
24471
976684
909954
756694
515109
429120
792941
397615
758703
993161
341892
247363
342325
59912
605824
348924
594804
540303
744161
432926
927010
781517
691985
297483
26425
604436
212469
571112
133635
154848
126467
318037
500081
164960
516739
920394
140874
423071
410824
582855
68029
891852
943948
847283
970022
326549
449589
196037
757142
84575
357953
893795
908533
517007
637098
701029
126892
281460
765464
593496
441126
589910
929172
944584
127314
784106
709048
145692
784164
313137
245298
749807
964318
670786
607316
913337
322856
721049
810256
861114
551108
776348
570617
927428
438501
622041
223186
436521
366624
638674
823829
936479
427124
938373
967713
639340
146976
747851
769830
160757
608810
451749
792456
803339
963720
622510
813919
484950
610220
574101
483021
734750
742964
38380
439308
622985
111870
407292
716127
916930
567817
538218
623262
913740
290949
457536
961571
98991
271096
848032
179301
793456
37823
937571
428723
789396
516167
349681
265452
500657
330987
344048
51089
5084
24336
63054
388336
492682
266906
486498
492516
896519
580298
481098
220112
761325
555678
578069
833957
6467
455047
838805
837921
12654
830408
912475
315268
362691
685086
334847
633290
834102
499722
581318
497010
941500
188502
963123
664779
204356
245659
94684
500022
250306
681150
76695
915319
608165
115134
346914
234872
367302
447739
395928
67732
164178
603981
691555
363132
811381
142388
585767
211801
654909
482284
701218
813974
290960
388042
398044
627089
908862
733278
553213
756757
929896
840900
22008
400383
127435
373064
250925
916956
374181
977148
99478
789525
967049
669097
211059
144946
386729
986248
689846
250029
956390
626134
510797
422543
14932
83431
702769
630528
643874
383365
397850
239243
508074
673265
204760
792770
85852
804192
710468
182328
194055
477945
782813
698899
52264
243504
327343
942682
945891
832609
360544
774356
336338
553989
359884
32706
671744
930220
71951
446313
198551
256281
436524
139102
316482
734314
907978
415699
950479
887482
309544
302510
469749
225120
146653
967646
99990
408263
437803
745699
959486
505359
993320
176212
988192
71132
787872
16996
153190
420164
418783
168464
642699
881971
56528
179051
22202
917173
792200
984355
798294
968538
551790
511851
65331
238755
80148
911318
155899
931812
61924
639587
649559
912460
764442
830098
561678
475594
511079
69281
214998
517105
846251
715212
761236
124923
842811
668321
953297
259268
758252
678694
912728
628404
341881
404860
618212
587735
663577
140465
959502
884447
662879
577926
289814
19480
607670
149266
334801
209503
601939
207276
844473
708185
230463
406113
491900
483231
39546
269853
35784
217262
652544
433128
153573
898219
730390
619584
89667
69313
737614
401051
711854
299001
650342
986103
978125
763531
358000
678006
540171
25664
242353
213362
687735
67861
36229
47513
6823
746485
95839
333968
294798
951249
861630
24469
473685
191484
845520
942079
198717
911609
66941
538104
779246
350691
370204
854622
295900
642046
293945
670526
935927
734720
93227
592500
293386
84925
94619
694486
178765
428349
648607
153804
266278
82224
818381
26029
228713
648198
320909
596118
753279
99144
572085
992892
757122
35392
51303
945214
706109
522222
173581
140732
606504
711513
598610
645218
498692
866196
627062
47897
499183
632599
348100
811871
718062
441707
69196
614202
389710
816009
992793
393429
701471
978212
375564
649225
490677
31362
287800
155172
264349
48959
94191
311496
819371
377434
429026
273768
376626
645751
22130
211649
912347
187427
866734
690441
701059
433631
344063
313296
391356
294995
400154
75429
953154
455244
108864
429158
126727
693435
807295
401534
328442
103409
285605
263450
302073
356553
850466
840457
862175
615344
631772
73194
456660
560309
659127
958103
883147
706641
297467
314658
788454
799842
684699
365471
430072
685978
475839
688996
663196
878315
696798
688693
442396
252206
993439
924176
127681
994133
203443
431628
294346
602944
159028
534943
725115
102570
289787
223091
998676
316479
369771
60408
561703
76642
70806
943716
344312
570260
615505
286446
589076
701757
832011
949365
401389
591114
572236
993737
104732
321981
910989
385730
679096
24473
948331
638585
892456
336275
912438
426092
949607
667547
163099
84326
516215
787811
636789
703854
267744
479188
499091
901190
956668
928905
880191
879323
300714
318160
710822
402439
717724
131267
378977
124865
181806
164149
400546
143693
466679
203837
12086
267206
649163
70307
232632
354947
394652
328533
186765
225322
728905
430430
543367
607389
840771
97397
668901
406418
331536
49019
129803
569337
665026
413271
690815
564361
438248
492232
300952
640317
472278
984041
851440
181800
508491
862026
213825
219172
293404
597456
110278
903925
168630
688138
21782
552408
116570
16719
845846
516519
499432
555554
317635
436237
171233
314354
234561
226368
526867
481215
553837
701036
930907
187007
352859
579673
96021
711661
161949
274726
224499
309578
166672
564025
568384
597723
138712
865967
420012
3583
428086
397254
60430
448291
149586
241398
641809
696816
737166
336987
427672
823246
408798
365444
101153
739426
677662
192857
606742
341737
732613
101919
728144
803920
237482
740483
38144
312593
757140
803839
967352
11004
229807
227137
353719
781272
894626
152168
712402
973501
528666
705114
956584
650729
662035
39775
748431
123384
401743
50055
210892
625024
88165
77873
497305
175870
596760
870285
353070
631308
734457
274922
675494
715563
203431
251362
445370
700846
530363
955736
461794
556808
335723
686478
348139
936134
234677
609026
838742
915439
964076
897195
128679
302213
867601
188768
117784
60006
618681
611300
331656
725418
880851
444650
320175
148151
922582
852533
59553
887345
63537
731252
109421
755185
669409
599004
129483
416596
836936
234693
878600
928402
638676
87494
643791
123072
824947
888064
57416
709241
125766
758397
504590
602717
308302
55939
833014
39690
828232
804835
90330
999085
297252
702197
931855
312394
662192
656637
451151
304452
563301
33794
715351
35087
391204
725619
364675
49038
119431
474255
957496
385085
612739
302020
627149
341831
745747
906540
428375
324154
447110
631133
793876
673000
939346
768733
1209
718373
169886
653732
242005
423360
279279
50307
442739
608574
485746
867134
142915
348349
386423
222370
108430
871144
152322
101035
765823
825411
405524
142988
684862
477906
456479
632581
540647
463891
435462
86257
201303
324398
653185
652751
900388
245685
378102
88988
446596
309279
808065
489083
244584
850131
22776
916174
677934
975618
504656
614945
767637
432118
86413
349689
512158
136057
213095
785565
357159
346604
237422
317687
102188
18863
375855
269701
686075
735736
946027
352858
774883
583234
278050
519091
468212
712919
4679
931168
145801
173792
276096
136718
89123
684999
776450
990862
637882
973855
960215
560449
661684
190341
116483
245979
784592
779629
131598
994958
567160
443117
499465
399568
438586
374345
717515
64035
962438
757610
265886
984411
570288
153470
318695
436497
386539
751257
4464
76180
495645
954862
937290
693735
935099
676919
91252
189505
974070
244745
358865
375253
154612
948275
474653
180332
567737
607750
97023
208808
605531
501712
103998
787084
91808
178078
578583
165062
215240
941242
572362
6866
729289
675661
658795
291707
591091
163880
62482
348238
589461
205944
105651
20881
605808
376296
695071
696628
520597
258355
715234
87337
547464
360213
359937
614590
105736
875328
811568
219741
51374
504369
123556
884589
61636
93099
663825
4057
579227
160466
801239
872429
797902
907119
573499
396030
104186
153675
456109
353824
943844
744059
648872
561616
888644
551200
509039
594075
957979
49184
464996
695795
651241
404827
241270
686929
506463
763543
266162
922830
927165
856708
149388
925330
49453
911715
718284
713897
386769
925313
995057
188399
53832
563987
853849
790770
498276
150685
485074
976679
71875
587863
262247
31756
183223
662838
495724
263604
527389
285251
868845
355027
177321
211875
566377
675740
865164
599614
878723
700474
568081
966784
308644
246966
512364
130679
52147
506402
397415
337174
938218
629770
967507
84130
100808
199651
617529
70507
475465
896631
959419
186759
195981
566029
682386
708714
420499
740496
540544
21859
735840
914734
369855
106329
899642
178289
346530
638192
891293
955283
157994
255470
931299
600268
655014
285131
48477
87969
468320
730191
88932
245717
235775
321046
599413
419786
767824
252574
496691
637116
599076
49589
522952
957609
241770
581223
923788
162403
446712
812174
551174
633173
166798
20133
281550
30667
742207
797123
630625
811599
325821
9830
961268
953634
786204
432578
542019
26201
292715
881627
138036
122910
832409
519798
567445
74243
199844
753000
328575
408761
11440
30457
78826
538674
781157
337727
623343
886757
795575
700579
310203
485689
467110
235166
314192
186793
158872
310359
236276
191173
365545
19071
415690
958552
415783
450726
479054
182698
964539
290551
343512
883835
435205
135047
379
78500
110821
511977
201165
868250
839598
219518
247666
671962
342805
444310
873721
932412
22683
335788
212091
903114
350002
901855
262136
368733
372667
432039
797541
186254
655524
714865
632070
871927
571144
841463
782251
76748
748705
905333
65353
223181
116662
851584
662717
877707
969471
134628
558643
975859
804017
486598
899666
238799
941932
553085
608179
229839
419170
225822
45109
898845
262864
704942
943592
734370
318781
302322
243784
948190
285654
105418
308577
508519
204729
880809
155289
547356
856380
932458
24888
556405
240486
272948
228275
411519
783618
592527
7708
879520
896359
494754
284638
743127
152716
22866
781731
722577
543114
66691
681532
690021
494549
720773
256243
629135
539470
610139
43069
957070
533311
532328
726587
640106
521467
295265
879434
13156
50384
864001
173310
640369
291884
886981
959335
283164
953053
626033
552191
462240
546913
299089
375153
494004
352672
324378
364952
660172
579853
71706
613636
936510
906940
654437
924123
327795
655751
324054
910940
600778
443842
81360
901229
73316
148022
364701
466624
875754
546848
528852
984874
344915
878231
993416
196880
497320
602890
843415
591055
491877
452232
377980
842385
620093
259258
361180
637755
644309
974633
587340
982581
534747
399390
125640
572523
489155
509821
132455
203774
178430
41081
146993
711755
24370
399409
159283
191147
590242
413393
671170
37674
565139
355656
965869
205138
399167
722318
906806
703241
412991
744186
853455
926881
915565
933845
607198
535230
820804
429865
859870
53097
161810
164429
442380
290808
339083
955726
746828
276268
845318
836419
118083
228948
785210
210468
9686
718809
112034
68459
734775
277777
105161
414003
158690
479109
138452
804892
653342
185195
762901
775131
480984
450123
217548
673109
953178
701384
474120
342215
73234
718793
276525
89982
601222
233178
231991
501597
366423
504682
963013
113847
671519
461817
86593
112265
604227
993837
756204
317018
316933
686696
449794
381349
445874
593762
236114
946305
942414
253901
286207
876638
450212
527490
137299
29998
394328
793672
637029
285455
23758
486242
755147
230792
620549
919198
302191
934965
719577
742321
172134
415492
715591
856958
55856
939160
681908
172101
904229
481355
879337
902777
157757
488537
47663
661251
75047
784555
365468
846614
819693
312912
496076
238107
632281
607887
557365
588437
505583
819454
848221
485649
182076
253816
236305
676593
599234
811422
826431
518842
913606
323455
240775
580762
516313
573467
179072
705004
518860
60627
168122
788589
495121
291911
197646
997905
859724
838530
949861
165466
540057
490893
693990
334233
939058
913104
190749
404297
281723
104769
328134
677965
34925
772438
372877
108303
638292
406401
672932
838855
365065
460313
472682
773815
150634
332879
795676
834522
687
850381
124096
941934
240791
574613
49301
279670
774702
902167
949192
432112
403570
545470
938624
821138
550878
962627
979493
666019
640475
568773
938793
583873
625620
780153
450312
804970
212134
214742
726236
248297
933339
707694
622559
832533
152463
477922
191133
689592
421010
628838
772369
689329
937715
833171
786282
739059
217960
463422
743664
296445
124094
146072
614410
441088
722354
134248
421923
504462
371059
239333
888253
484230
23004
676219
354341
738106
641970
727227
895980
293672
480659
845533
361034
743135
785701
895072
686778
381138
421395
769367
891219
39672
509779
207337
649196
76202
221091
214128
319238
833262
293448
213392
821422
137465
318059
498849
407752
706531
942518
55366
300513
426494
681383
979057
594347
133402
886526
187834
254284
802852
385327
596236
389315
211640
298357
394822
970380
776974
764402
32080
996971
523121
62574
501533
846808
518450
921650
536909
556850
716659
144778
468580
573484
363206
167849
959863
529
957678
99699
503705
86787
729323
434313
660857
331395
740762
492843
270576
971427
488554
268180
217519
419337
484985
120003
995762
449013
277088
498569
338325
917617
786062
661479
889523
907722
62390
26008
365145
575284
67575
669002
14355
94427
248784
481064
25408
639140
841102
911949
412791
819929
682102
328204
65273
77379
865247
421618
835246
414212
873137
262984
147845
591078
898685
141257
24855
552852
48478
495732
339688
703870
824789
575773
562728
503900
132618
564779
797583
979931
294948
180918
685865
59810
383322
164008
717408
701150
469710
402638
675902
829303
159299
596557
354691
254355
646312
517122
839657
314685
775940
233156
185786
800224
454418
660320
580079
135516
387768
228803
56306
383637
561255
762431
331013
381711
770296
391874
881895
521769
308070
149199
379736
916996
123231
994959
784024
229241
925641
87866
927761
448231
901228
43684
903703
476378
969953
760265
290079
726073
847285
487103
208143
125853
882414
682472
252210
289624
826023
690904
441940
115251
529659
285130
366000
66421
561187
946694
257822
909529
565343
772991
6474
387692
958149
895795
367621
25498
695949
352720
186362
937297
551936
605329
78787
144508
932949
965126
677487
494805
386937
652855
238505
288186
92131
894421
147174
126011
550540
671057
462794
390997
443652
541790
444823
277900
941119
942318
146614
538362
186436
491965
659262
959566
128857
251224
21522
953256
217278
405511
951239
536240
123837
384741
536605
201833
957469
595078
402045
440115
700536
606634
345629
162631
844403
354263
357405
416939
181188
726654
1680
515973
585181
868096
907459
71384
233895
403771
503505
53822
373419
288008
461537
849867
716510
691984
640389
957276
747371
352436
509198
119174
197439
194252
942525
629115
706757
270442
227257
69888
86164
957773
73440
525717
571594
612121
371899
385319
520982
700083
230068
978313
157128
190827
77207
932748
532529
480124
853986
458209
986342
963891
5654
501330
860078
468565
127134
317549
948409
196618
287773
766751
632613
203185
67647
31980
826731
39746
533515
769927
780012
339191
423773
976209
699017
399851
676763
713089
813491
89789
248509
920224
370867
682145
667958
737611
532594
966585
808326
818413
187688
64114
346396
866808
524191
191409
685593
16713
193150
335148
575357
262617
795504
513203
844659
145969
15584
356777
986154
626766
699025
666616
796043
604430
333685
467606
770072
17000
949265
321483
312632
186105
248350
91053
159053
141905
211937
704216
887703
833971
496064
962259
171784
60938
814734
798004
3264
578175
470361
204549
581991
513821
874266
821185
232802
734622
668749
53483
734554
824619
322666
765491
711847
323762
810393
290543
670809
745115
146409
251850
956200
286227
631281
297529
304016
83914
452873
567463
556774
416959
929897
148590
895399
50179
369914
116983
966649
613363
418543
876739
222424
383250
834986
65675
154912
897063
907522
58462
148080
996320
972563
195224
880205
427028
583861
29298
421915
210918
816466
910036
983974
689215
325776
399354
386256
754168
615215
492986
861976
765110
102235
580657
200923
389900
665313
72756
591294
429895
496913
643819
431018
142416
88217
540002
338576
224581
588601
13598
453827
974974
403306
545370
326264
95395
151429
436993
846639
16804
66199
895916
795975
633126
298286
857090
311158
679082
522803
612208
578682
627950
382805
903565
637464
70411
637627
38303
601327
501036
49944
703063
389829
924639
568133
846234
32251
808385
378812
75327
599785
470628
519589
108202
351211
119410
503260
954665
740004
105325
677974
973361
477578
842952
95046
441807
231167
6328
393808
918714
344947
753528
684989
36587
282559
698251
101465
106917
44332
447621
841110
935730
523291
948911
889891
325273
604925
522306
839853
696763
14473
895961
322651
733678
701537
892264
826626
696533
346107
926436
663678
869607
222018
822333
199054
228344
13216
142516
410298
462994
583160
755978
690510
541195
264217
168436
490565
462913
664244
168044
679202
270809
850027
132600
674868
889785
603361
535392
544617
307520
288667
374893
912665
229957
296454
631547
550339
312221
665660
318745
675371
941757
557801
760584
789382
737430
944692
653091
537535
786105
735756
602848
284228
425452
636285
112615
193643
244860
152052
500476
3278
424898
134054
60455
311302
863786
440813
708650
597364
8269
503274
255416
191524
816238
770488
248208
50834
727397
619159
301660
273966
22654
311823
862323
469826
376898
248261
999996
410078
591087
449637
829629
113856
604232
518397
763640
405549
326369
477835
571994
461628
258477
775414
583306
296234
805287
228593
877590
383191
730182
234013
610644
937310
209380
638119
2661
544492
151206
971362
614162
361832
652507
542886
211581
665478
118757
319715
331155
988775
415593
845107
130819
88755
397309
81141
909110
305109
100208
745442
797072
334343
159743
527841
398017
587313
513253
370964
77949
878418
242980
283389
813627
136572
660991
364493
476710
343398
606648
309394
472743
756538
132715
811102
480258
261340
709150
562510
460518
881165
800566
574956
572820
448283
565281
909152
552542
906755
542498
301165
386612
874845
898601
997513
177534
250459
965653
356065
454543
618625
219616
332757
549435
388136
577272
433691
711451
444727
433688
129454
902841
368969
364377
710417
952642
549707
721104
919657
531976
69353
530505
774959
960009
476499
138346
307565
305418
464946
48560
408090
893593
64511
203641
123819
431096
872165
794911
797478
838447
522349
66667
51108
771403
495224
143663
285009
591890
445091
214911
57598
726271
272741
47044
660383
741419
158035
71644
929920
390584
423308
88780
21241
828417
956390
517552
847806
528432
552686
599005
435888
980780
452852
976305
920647
114164
122641
711721
607660
453097
809096
241843
896765
704707
687588
59447
587734
511270
876634
803424
107352
213076
458918
275250
782658
50721
172044
56037
165935
581589
787451
896524
565723
96636
802354
374468
48452
106718
567888
34539
970235
655995
859963
330080
437722
672155
490894
156296
288912
510241
904217
599154
545494
911256
210809
970197
644396
150387
121016
715301
709374
760305
573747
690469
583345
190840
845260
28708
681908
560767
302239
859515
933710
891980
209367
469098
21515
927559
168442
603183
189840
225077
619325
335773
504120
667079
32953
910810
279532
252215
109226
696882
853577
602321
951462
762650
931767
592661
537474
767770
591900
429551
18664
72639
721807
124689
729593
512420
991319
397207
401304
954240
471169
80029
622184
435269
538587
899531
589688
209511
268310
472321
102592
539953
306827
63650
580243
204893
189134
495636
656512
593829
673013
536561
302135
591135
865551
105489
923044
218486
158775
70758
192640
798945
482553
351545
68657
886046
44963
576613
313862
579253
672380
118179
499834
456326
146951
698724
28869
828242
274370
85015
116878
9210
51438
430850
296243
427564
837572
414340
937856
381994
550442
514432
902554
97786
1077
372350
838142
67369
124523
639240
948253
222964
391235
783687
746487
194245
967567
87537
302017
550620
988806
430382
968910
505987
442251
576219
129588
186482
560393
848027
863953
466939
567552
125254
578865
169128
122822
776282
486292
200938
871957
578095
718905
824599
505840
156612
515556
516820
678340
894248
628040
756584
942796
599399
222909
444252
666545
789920
767268
738978
364099
42318
307537
351293
959267
193256
730684
774587
451230
270581
373293
356467
445017
307045
562139
626622
750349
898540
63154
285282
896968
18565
152546
741223
818976
810890
462105
626093
757851
183695
430935
712627
177874
900708
615739
105818
355839
706744
28581
500528
626009
321074
860669
256234
959566
771759
803004
32132
332546
637446
804333
886853
458400
567385
940239
618569
649502
262796
90288
409676
882455
967386
765746
198992
195197
223028
61411
148484
805990
352385
815969
743403
565401
184356
256424
614607
630295
526970
208892
91562
862514
822815
371264
896422
941872
253759
656051
576106
161402
764938
920915
460046
646971
988669
137874
535274
351140
353001
416769
544125
392013
249589
156435
402800
737461
871809
591484
252554
507816
740627
635342
511179
67228
822867
340866
485286
839617
179206
923267
269414
905548
680352
35141
45728
576289
767843
707720
77235
423201
297328
217536
461672
230361
812283
478636
597477
994263
906626
765389
224361
997069
143776
123879
666204
547662
356709
529721
82821
984422
372874
689198
772273
398748
451587
789634
683413
984262
433806
937182
143059
899583
721350
338179
891710
76552
260202
438266
295704
345866
513447
825273
250963
27431
436307
232311
798798
372306
329212
417041
615050
615966
379203
947849
301909
961486
134040
178901
816121
401903
907809
517316
103204
354763
70024
496224
337601
359846
756094
456648
268734
188186
38910
853712
821549
658114
484839
935571
46000
900198
151800
227376
450816
697666
27809
590848
800378
395715
129021
151324
260440
320582
205535
895841
979691
356503
327054
972818
268660
467544
516960
98827
178207
537915
25203
96679
994793
669679
3397
615218
493760
729658
66513
276902
986968
188423
78447
712433
491143
511618
802748
29135
928449
980522
459671
456035
535415
842281
439250
514105
595590
87254
468765
454555
233193
642869
896644
548626
664337
720675
881897
250065
552089
318531
584637
26037
518799
861161
932513
929882
850228
884300
10850
626446
265022
730741
403371
629274
580866
466609
434774
700085
421314
638182
916916
221858
512730
537924
244493
958431
449309
812225
314011
165508
67356
950175
539063
537802
820361
496597
461281
574123
77503
646444
446270
209349
713630
482655
763197
1292
859382
229766
179317
774196
322043
500352
915984
978189
562182
785884
413835
319395
794606
73251
632095
912719
31900
209496
624608
981525
494661
173915
386309
716873
174095
129412
407979
116890
956623
889662
28724
325143
416820
620690
930748
848685
366469
195838
138064
167957
471226
91515
243208
592183
354958
167936
266749
489976
839747
317623
99331
368044
789261
531537
681295
191424
778491
762687
224670
27908
388926
884375
205216
560536
443194
909396
823626
196427
120323
311864
112323
442247
311498
775652
902208
769031
596951
579728
153045
584474
600956
962553
275277
512578
856988
355353
150938
457400
585473
345145
313867
230373
333133
564971
106374
373236
516134
547508
755927
725335
520464
218401
721265
58635
277201
950059
826568
357561
828964
635019
227867
808666
324878
450081
328317
237986
489971
769327
569958
883385
599159
170134
913884
160277
744582
798291
866015
918286
809902
51387
206682
734712
596737
524584
729871
995278
641687
916521
309668
530065
401781
800699
804843
32135
243203
545410
92891
582023
684943
413824
640910
961525
87387
114042
127356
520616
90487
496968
666580
780755
928024
405995
802003
439960
740943
394579
791123
109881
972449
532379
572693
770540
492645
290944
679659
860847
160027
477008
870629
312849
658419
822709
77895
866724
614353
313208
291366
692077
842106
369958
121236
173767
203713
691589
551921
356056
846352
453793
495647
816052
957282
811142
425197
264493
293772
291692
999802
762210
812499
686789
397505
361606
170741
620327
179484
151150
748296
593443
618638
457781
108814
876218
466667
22966
606812
277330
468010
271539
843521
844289
840389
411963
932401
698058
199336
246161
371734
754437
460601
465804
633450
766566
136623
130554
435274
912490
458195
355023
559483
87689
618742
791216
195193
142495
647584
83026
803374
413487
512412
143780
529718
134822
383152
61724
844211
541555
562444
612299
512773
825871
846826
803510
194715
269382
892423
353112
900301
46959
399209
97339
926350
12362
261146
958874
278659
288612
952741
203449
917145
419489
178480
653700
698794
834624
493699
494554
968793
224304
170227
666080
436232
678746
430451
368385
682383
955401
219896
190256
9879
799615
616490
344696
848279
758269
222206
982512
297249
861672
605196
712492
629651
635706
97193
138045
46601
476008
974996
972428
806088
534455
957851
876168
710349
859430
476042
173214
185227
91477
377618
462995
985416
333877
413512
195970
96696
213294
414751
644007
384667
854419
612597
330546
979847
1781
943231
337947
137914
613960
298229
818634
306612
433064
901382
971156
166125
921016
954587
716209
200941
427005
477611
810302
129846
427748
602091
497518
989006
338901
261098
945284
40565
300644
923246
331477
365023
471599
9493
931646
682023
161276
836116
504203
701354
509672
531077
392104
475966
266166
63535
927027
124394
63760
168720
124834
483632
659757
468155
350160
50071
722124
488197
999606
26996
798609
795992
800292
358599
542854
458820
750727
15205
452917
992476
436400
351539
354529
579879
790991
278300
530114
782465
877254
456677
853515
106906
867778
50154
880414
214436
247985
503008
955107
356989
277747
209650
399239
87249
281482
84041
360492
239285
720253
670100
971006
586543
950100
813076
704929
21070
421297
324045
407206
840200
179228
49974
664472
458687
998407
171728
596359
909039
925483
336724
658234
685762
347972
85760
183917
120546
204900
56634
168512
208543
397837
214093
51434
141455
988041
819208
887914
178799
890988
838367
498112
285197
480301
832989
79128
521255
475349
790923
397132
179170
357290
939283
156158
561427
887867
302358
393581
917733
767274
944408
629364
821647
679721
970001
265937
545975
833947
800824
421594
167530
455817
851229
196324
713508
393449
48671
32470
655594
500013
114666
364098
215482
21366
356982
345302
807009
607659
402469
812499
710081
526310
942845
386972
706554
716409
673388
681119
613474
814748
60271
252910
196609
532159
95674
855817
291222
602433
764310
136773
987733
823052
366108
633685
141385
51119
646314
85878
726549
767113
669979
273361
249273
567783
488411
40571
564490
86596
453164
327566
933358
550909
41510
702709
536939
369035
936943
444710
201044
995341
358241
126405
658357
763528
811399
335541
345189
761305
356495
326251
106514
320537
667371
840816
775924
880243
192749
443340
437633
471242
936210
478392
327090
860265
902707
584051
739824
470674
30518
7582
365595
956445
734650
758952
597389
265808
3508
526382
783132
233048
175022
393883
590077
869035
658256
480576
609948
940564
908018
853150
927777
829817
296359
832270
821913
586137
720359
769061
891060
233241
492643
330052
850540
656475
859405
73499
842641
310692
317088
184967
496650
797972
619715
660211
671628
644389
730871
578737
105169
689203
574403
882255
167566
620253
351623
766996
799671
261514
262182
72252
444293
645872
4581
738220
34188
602597
584570
504474
266819
876784
47832
265035
256005
705042
618917
676905
56027
3708
705582
352683
827820
552056
52151
868140
950502
118104
778757
131664
991008
659991
157304
321275
577130
505283
856628
914728
332436
976085
341718
146127
250293
545086
434086
324630
622204
100093
644304
379350
854278
753816
615923
420024
596177
90797
817990
861024
456241
626058
976961
522482
590736
830385
880190
751062
301219
587929
239048
357804
146101
602719
800229
273763
430360
702724
957731
802772
634688
190161
66606
770163
682969
909895
361107
804085
344441
599170
807515
981703
461708
276029
633047
779346
650325
740045
615115
385213
449239
651460
238835
521267
796122
612639
768760
586715
282802
13204
593891
518023
329943
57126
207643
802796
415059
557279
134301
270689
586622
409328
704373
21655
690770
500617
644243
952968
49610
400924
74858
724436
492863
666301
183517
637657
610170
822589
429411
101420
830053
2478
727324
600806
835661
314821
223339
196810
158599
950831
943300
954510
923121
649016
665077
482150
740654
153945
354528
704725
705529
572790
893671
272011
970313
916137
805289
672250
756436
704539
402516
526469
126045
72293
430329
965368
810878
751925
323807
625935
918864
536560
979105
427027
37869
151936
694891
728345
533149
204799
300466
397013
37324
557731
116080
963666
372189
699148
84656
87390
10723
872450
989873
867840
417251
800085
4519
100965
423943
786543
702225
758021
411516
889425
460913
599933
811646
19777
288206
820163
733101
742518
122479
839595
90081
382503
236291
663305
781420
214939
776012
534147
521758
129217
331307
418569
475889
932234
385856
497243
364609
302702
2072
261342
728913
567983
859572
742353
295826
502999
994401
892867
402244
649960
531522
875234
537466
280110
380097
83501
334340
187737
447762
993217
733264
215524
976990
718963
551546
756241
715886
993348
109926
54445
692348
482923
183863
625709
180358
304543
40651
537448
593487
681460
12387
289156
978386
481148
977313
331827
234974
368585
68316
746800
847320
614623
930902
869780
106834
461426
101694
341157
380187
844185
68795
75282
237782
968374
237770
415963
991262
274203
334065
818038
360231
519050
27715
925390
943011
460458
540945
894445
758916
204923
194201
695997
586059
848746
134146
248307
101284
476120
153205
911680
635907
839113
765812
5619
452178
905900
726171
111097
246606
411715
517974
830983
40286
216977
470547
943496
405502
608324
162917
685139
490016
172633
335513
118809
569470
364093
537870
885664
892840
587259
161276
78407
501086
766644
579189
963534
74977
502448
24413
629801
588696
19993
248889
30226
317679
869548
239035
983258
669571
125831
280979
396628
937801
416836
867801
397143
710697
92648
97850
173900
949973
275230
806686
521783
737170
598556
592454
53719
137689
198084
324476
230653
487652
880992
944146
193075
825833
898255
948614
290450
240492
996316
822294
124461
137793
136066
389184
880405
130781
803192
997731
780972
355554
104471
832331
82794
399145
937587
141814
344846
597343
921380
917411
834351
712840
569628
363289
779785
81430
932050
292306
749635
537870
265894
229578
596689
843653
430601
758496
520220
533914
650220
719496
293255
930653
285707
171846
305663
83656
31100
262126
677332
491697
162992
736024
354309
644042
879617
651820
470844
720410
210620
184796
807921
756147
809119
526011
176642
853449
754283
713168
339434
949778
478547
415246
442303
153437
71789
391111
561893
537674
187685
834980
261563
585610
974420
841035
244866
627342
99014
171886
59770
914548
545398
584540
127897
414682
464558
343623
862805
231411
648600
980761
799500
944218
127748
865450
910856
791815
816718
157112
903010
202106
587910
781552
491971
318457
341898
543400
712600
617309
51488
372960
14751
406039
306279
398170
830162
174919
764488
62848
190808
30987
283274
932215
527091
264107
867428
584567
698279
999494
826335
959551
17250
972592
322829
992486
563166
491076
121029
830168
42488
360718
64215
203789
744590
259026
487372
189803
289518
113501
698506
190311
545443
648679
952821
907475
375630
91280
639786
347087
700273
865361
345423
22056
269269
259650
177227
303610
133627
887963
996025
714926
158197
437798
456182
778405
241009
418035
568564
708847
259138
524048
250842
712520
483443
222915
21274
964010
142752
12653
870936
982220
902474
79817
101650
100687
460249
447622
476613
979003
286986
723991
841401
16154
853058
310339
767327
118449
887997
752272
265294
466677
515544
477023
470657
787132
45303
949602
510971
117542
532262
423755
138662
909987
710631
764488
966012
686307
688007
762446
153055
468023
95004
159669
598366
177293
123526
752296
731803
946422
510159
387009
401399
824270
828648
280484
962351
97985
582269
209964
981256
641419
70034
965291
876512
439724
282084
787479
752512
754006
487493
670688
644419
117542
689712
374397
643234
900059
433743
976824
201047
939793
729022
439300
267155
887318
872903
702104
769876
244838
666821
635435
858317
61411
40248
931938
567474
298599
721168
663383
111956
992694
241278
485322
485031
620600
976231
790829
475126
910336
239389
337548
13081
463544
353405
203117
951611
417160
450631
672294
248095
774430
118967
992000
323393
767950
619330
720070
113796
101533
859420
292981
117485
528313
628409
415791
119534
823514
774008
953064
517005
936864
573736
221927
154636
743231
131191
916005
337816
266407
600945
193638
205526
177822
883735
531222
725773
983124
839843
709408
795594
295300
282405
979032
939196
263936
167877
839364
753070
537937
400358
7148
889253
254151
16214
50261
891502
184938
258639
134099
987422
500748
745693
138980
935631
483212
398180
931664
40726
936925
804804
911102
818314
320239
921340
507255
367263
196426
443740
488102
108564
849229
467573
73344
514153
301013
681628
863996
709899
197683
179562
746058
119352
985308
711382
215933
40556
225075
368976
302245
986451
414052
242259
158972
949410
897554
573286
408896
143072
733830
625685
323631
563200
545703
512426
102569
286732
127333
672137
342281
827629
188170
202606
611319
762131
753628
772710
415276
199224
249633
614592
140226
224261
665029
275277
382861
192118
825910
334802
946872
987296
430140
374678
399957
540031
417006
464383
396339
662889
487145
702034
783680
67247
959730
301988
7932
922475
752971
290390
101468
504462
834292
48998
716547
572131
733078
374999
998166
974049
927871
265748
294921
3444
624668
820538
333517
470119
604100
171905
665625
173551
288307
748959
447600
613225
481430
647270
378641
564718
630101
156406
489262
247450
14423
70784
592237
488141
93634
31884
806949
634277
410053
38013
130900
362095
277972
559904
230765
187161
95156
498819
478148
426002
239387
239034
601752
311451
20772
700180
367787
374178
322527
741464
587942
952511
13473
773519
269868
539033
925493
714872
38793
524627
384699
391907
431575
846047
627314
789364
57843
583353
629928
696765
597228
553459
272569
828441
990598
601175
725278
230904
584710
496573
901825
788131
532475
225452
562086
533311
308047
164637
83391
710418
997598
693539
640488
99348
375303
601822
888711
834855
763556
384091
359188
307967
744112
769289
213933
593634
498870
997454
505150
128306
225827
308124
968496
953988
216716
514132
190512
596883
145228
184097
858521
680791
581878
914863
992820
871827
378211
336009
49721
35741
156934
401822
74680
813972
636820
661355
965623
673863
968725
417730
926954
736557
284300
428987
935190
904668
120365
6365
756975
49671
491258
804804
559081
657998
668831
54752
833761
168796
849551
551137
39339
287112
440733
837620
98612
174688
112940
325504
627540
695622
721051
153463
806805
977014
112316
108313
932087
10593
616367
56623
662409
198532
728526
690788
560641
77009
210134
204071
254979
358057
373295
229110
136317
231741
727720
60927
363885
246331
413831
690406
169434
432512
962383
445607
654091
516225
713988
72937
930426
68058
32670
238022
705756
29421
682891
673534
536832
661611
756859
389182
790967
378940
761884
379856
416998
968410
705854
588623
482101
550907
711796
32462
265422
713297
913447
440357
417636
886423
167825
851599
980787
383798
95357
779258
422711
707186
288268
496616
706585
336501
336204
918205
717474
15391
835900
353783
947010
948724
773978
679082
931995
680156
965853
784842
11183
566959
540233
79216
525528
653571
673113
908788
609381
220511
28762
992684
154615
379877
426527
256727
350385
874559
805843
868732
573780
485784
25494
255743
439216
254681
533294
610654
211615
414902
267774
369088
624739
262125
190686
953474
545644
5912
490555
186455
428115
761502
126280
166628
719354
484751
816427
992250
96160
814981
528114
97889
36437
969156
969222
754336
538955
133594
6124
454032
112008
518149
355107
855806
96746
977158
898150
524445
654276
478280
120362
345333
191248
859487
163516
664570
558059
41574
992178
135739
377355
122428
106806
864843
642572
980172
874881
22097
691044
94883
658013
952070
835493
996713
909329
760603
992221
275832
531804
772173
930599
449221
98768
602317
601106
968715
449245
767712
451665
171413
483153
198140
524915
477009
768571
975603
338800
709067
624608
262918
353397
468024
368281
986005
414249
834649
129890
89531
451175
494384
517978
542040
310203
345844
357603
48461
55124
926493
116294
31496
460118
795189
951353
415961
932596
582168
396311
236308
844217
896954
20340
194310
426871
958356
941556
461939
795942
827841
450971
935429
494372
191193
93738
487696
317832
806529
419013
771257
712152
648968
222734
159638
197812
887761
81374
646810
790250
489390
398831
946123
127794
87535
32950
791558
44548
790241
369673
636900
556989
444195
261839
249144
128961
916566
991949
437224
224984
42570
480682
912144
547542
706557
616453
45323
435309
200706
349372
531928
673224
521057
159650
763025
156935
60487
39262
908477
566229
899850
411392
855949
923527
453628
948247
915233
503815
584295
571056
665404
538037
199816
180980
293584
141669
94011
389821
841560
264962
899693
262747
826026
291225
988646
741925
226051
590153
66090
728832
901167
349982
511488
593361
830563
349556
693904
512853
123228
247563
249388
535277
755713
926021
277104
573015
499205
810890
126326
715957
393794
80522
694100
288692
257686
743190
728839
10548
209856
590822
489041
235102
288829
250907
737589
584367
481453
914505
874842
88286
241012
720807
425535
209068
29816
75634
820280
649957
602625
955411
645731
623570
507474
511811
664196
961914
129635
536920
96475
375710
480068
815228
591879
439372
948442
25538
940579
936968
805145
888423
463369
774177
425519
571159
70264
636472
820033
878090
36911
806522
183218
743406
953762
60840
644949
930205
625182
912111
880635
627599
65840
551269
64934
421731
639716
879948
277415
450884
484558
942000
755703
116731
466816
49681
233442
966074
404515
546231
635615
344958
508985
761245
318430
492886
514415
647895
83763
350044
343312
328942
514996
483077
517562
60658
462048
540881
695757
632235
87077
634777
533624
238446
275303
47552
46882
107360
138296
469343
359029
132460
313061
3798
87784
725938
244732
827678
353963
358
897469
557123
714236
273904
314119
228399
387984
785476
317479
634442
274298
800768
269235
708424
535046
737452
941520
257172
412569
873190
279353
537814
21356
124723
647346
806072
941848
175114
23491
51438
92273
205376
734317
457180
552466
4486
829367
449307
53890
464680
899141
716814
993598
148796
896932
994860
399705
88421
854352
907154
528833
936765
407083
339506
903324
527369
558895
177271
607512
432430
955800
26559
127790
591040
285077
499420
425871
441202
132746
952755
344438
936718
251980
621572
30733
903968
443899
496701
453406
424406
384807
443965
375186
779554
164903
683600
695817
894153
315991
73055
76737
114506
42702
857070
987841
604565
868245
812671
270989
491395
758796
281387
81934
199931
214241
152170
801399
414547
794799
648639
388797
701842
196439
11226
805993
522787
433527
910834
492366
643386
147982
907960
279504
49262
252607
232863
379461
428709
827039
813225
53448
584399
52023
804990
756869
483911
515688
957972
241148
807491
591665
214916
374487
529280
480175
270640
568106
549295
775188
797325
614979
110676
582518
606896
472721
998215
235008
552282
984989
383254
454792
813365
344797
654600
428207
587893
199223
99909
297517
229578
727
722601
418263
620179
284254
130137
516390
767681
479281
147885
136349
742324
887463
237877
888916
730200
121664
36891
11853
973581
121405
934227
536495
497368
748884
980780
59985
410685
886153
838594
847470
419168
130991
401904
876038
576411
402272
32178
381399
104303
330284
237017
528104
301363
873639
357309
874985
951533
449073
149110
286971
121770
410011
195037
125843
812151
803675
511276
934332
508945
786630
413117
602729
322437
91095
199195
115002
487795
510894
965991
615470
121510
406343
875805
927823
558447
893588
741142
501843
542877
236463
618466
343016
373479
693088
646764
496558
854426
407353
100423
639640
677369
479168
868254
80422
169366
350528
280704
289847
114460
345123
354578
483217
292529
603062
367848
421196
495926
999973
882262
718275
987096
605838
664675
867301
229809
632194
886711
496701
479621
905749
797926
277416
837351
205568
769617
426657
811379
861669
44963
967007
425870
230819
858343
848350
674093
474406
983905
927266
578785
142009
883307
154102
622524
39036
318647
743800
427950
351559
965314
648300
604163
382528
92362
434201
284819
956394
903537
310425
983549
813546
517437
871206
734416
646192
993117
354490
463402
539403
157686
534146
816273
784591
820731
31138
796764
894754
616392
596763
741795
211034
185830
925829
702084
346977
707947
264228
182920
463477
863092
770217
905679
915302
851677
567587
35705
80874
766809
581640
624894
917653
105428
204015
705659
377931
405061
19450
990452
446295
227423
268326
703131
992856
276436
180832
115305
296763
935034
458375
581895
989475
839012
626656
652130
235191
931420
915008
790612
23688
401471
690632
707589
964390
424576
246683
755627
538539
966634
570295
561108
653128
173284
409306
929871
271472
277282
732139
229739
108931
914847
909131
745183
975202
141247
83602
498974
722987
449143
133039
87259
958575
63575
993140
231112
509239
284972
652579
200342
359331
525546
767948
505808
913292
319482
260280
661503
531528
279619
788722
806375
643184
505456
951523
979539
688589
327207
538834
659726
818017
634203
239898
275330
875161
409797
864691
897072
93737
571944
806788
91310
702768
66690
880729
536610
619439
127451
907201
73686
410985
937281
45103
862773
338291
446705
768336
9498
453342
406407
639855
304568
299411
714706
264712
419838
238148
300809
587653
35462
990559
140969
461966
759352
68793
483380
405424
700543
884044
341385
361721
270107
650529
90415
641073
147998
976140
653927
793755
729021
761920
822401
529251
701259
694409
270183
488955
206930
266246
429873
4686
11619
751076
940621
136878
366346
228085
359396
635949
616838
88200
446082
816406
239739
465916
405835
317796
14521
178607
252509
870120
96280
253472
823341
592784
157450
361513
35904
180917
128472
685221
565562
358068
861766
97073
62916
148085
252646
484137
398297
755331
5542
202051
909928
868433
431072
287004
577430
532540
649425
986808
936655
823793
969662
145393
171292
790250
442134
129959
269116
995147
602186
79554
669723
375050
63713
82264
590233
373810
490282
727363
462234
141817
690485
638551
669791
390963
361651
328407
977879
273817
171081
834264
323354
260559
256262
882754
385401
445103
462883
435556
651628
524522
928048
777875
851966
220761
299681
381283
178217
874962
114964
986795
628069
20472
230734
155849
947212
914308
932903
679068
700433
871389
505031
136575
593060
323953
768920
294993
538710
656676
418709
465131
281950
418267
446054
423061
577948
841859
585136
872393
807910
720045
743857
879929
844842
270755
262639
132477
647213
58611
946503
214652
603566
757387
747180
604120
489677
156773
315725
904129
936673
672433
133663
737636
291634
15073
764835
184801
545595
57811
630839
476486
395800
671257
427325
982979
660391
978020
120832
5745
937768
166431
495263
944789
282568
483923
151357
595014
456818
83499
709890
881266
89401
227599
734556
908476
120952
852016
219173
97898
376119
485423
10650
434963
502731
858070
664093
150596
479018
276651
14669
283776
27706
139484
288265
537593
991724
833713
599873
617317
527611
642484
411863
779472
234832
436498
627568
615695
418434
543695
364404
546488
408684
420440
465862
632153
551621
135658
881306
142472
650212
427199
929114
286118
342358
344181
158165
95038
713107
993350
305416
679769
450444
438922
438459
875800
751069
517494
892915
908768
47347
617404
57917
7189
200809
391695
976533
662715
558676
335479
963709
453852
817287
991896
413311
83304
673524
427338
356132
343226
121662
471825
124488
550628
653789
249019
678916
365925
909000
469345
795456
197363
607391
749241
681986
509704
340487
892567
646415
254969
150909
594166
890025
925341
910148
262965
119357
250308
404690
626358
318193
971916
943417
259621
391701
670922
243402
770699
409149
465143
703199
809928
70535
317537
822133
271116
330536
423846
364484
626775
791478
558621
758582
376511
72821
716022
606412
372617
285414
701245
979766
625816
444269
289135
771528
431535
92911
95821
213644
805248
498812
134046
571878
171813
792782
374975
590575
352662
962832
646066
936645
911991
2049
420270
456301
571359
804161
397085
91699
9623
630250
120414
773184
507139
632044
462766
336908
892090
539150
111183
337723
492010
656587
351121
583572
811982
435074
311315
463333
586000
594450
109005
363091
431442
834520
232049
909193
648823
448840
223492
412124
349285
68993
739007
878503
669133
391226
470161
542323
803910
221204
312190
239639
796933
377999
959187
435736
642490
645761
126142
922608
736668
308668
105019
872135
882960
642183
423899
625580
425485
731513
509289
483298
914480
311838
966785
440990
12750
303166
841319
479456
412511
53921
463741
282978
502645
222576
462257
435694
499867
410324
663059
750259
591093
632869
397006
480016
997367
103315
165028
209655
772003
543404
938594
113322
115299
71556
358317
110539
843530
193461
270867
98577
556060
165545
776724
791340
132537
200212
293585
84221
340445
404688
149538
423572
504717
339707
589886
268805
185501
306080
644589
310803
779123
108224
111331
75022
282707
434512
804905
663958
145432
696348
685817
901450
538752
366912
945059
354084
446875
387753
479430
292860
104184
739208
165017
226742
355861
52129
475637
416183
508143
323071
962066
673317
532389
352081
564577
509190
266930
334699
918167
533985
57220
20627
494850
690756
540536
802843
979023
215525
255663
224810
809493
379097
162873
296517
95003
935648
531800
404683
207865
632638
822929
420138
13786
708196
146338
562371
540612
888251
16810
369216
671379
96329
591077
856198
848138
906125
780710
785800
87238
27536
636957
481100
480635
467509
416592
883765
909556
240543
709438
251732
169754
619923
886221
856712
527531
162527
618076
328551
135501
556823
78453
618270
519299
754004
716475
321498
850331
212433
395960
838214
336205
5861
166730
387118
955519
508709
30792
28127
684240
523803
98235
876364
682234
26355
614972
765522
882287
116506
683720
847551
401219
335453
775704
221009
630179
221062
686467
248546
245650
458106
244414
74063
755422
29973
91153
872498
442503
894864
743922
481158
613993
173912
698869
715954
463312
630983
727045
260595
954605
493366
736028
744152
872846
515105
52396
600322
870466
944881
975254
712708
614780
878120
541930
556878
43163
559131
704957
800629
134043
817985
968787
655323
660853
811298
410971
327682
827312
693593
481314
188338
862103
89810
573130
5709
648690
852009
847439
499914
826307
60714
661301
500570
627015
436353
976149
29403
207721
711414
872605
673856
789018
534854
653924
30112
471339
331004
279957
819033
13033
826204
126528
801846
836563
755571
973580
299283
797811
357912
656197
928806
516684
455254
372381
878234
230970
555308
293598
352535
177016
415343
826048
478410
996974
703879
744796
300113
168614
70883
324753
560298
251402
489986
191928
636231
696052
590883
739232
865284
39956
897681
722714
636327
616066
908335
805521
590761
34184
215951
694970
407698
632295
998625
297134
919232
326325
256268
314852
971800
987158
70772
551217
518378
183386
900563
621209
421446
667512
358394
220985
160553
427952
310335
58686
378154
21346
785085
328510
851773
219693
360313
384975
487217
453635
695058
790829
405888
47271
655593
657953
945338
432991
53872
145565
393460
931693
333397
67867
947590
151086
707254
158362
66966
585755
799294
421621
192360
240674
523323
962800
905136
294005
753042
513493
551978
282842
79111
40707
677967
70734
544557
852992
837684
517972
601600
855643
528756
83226
577939
847283
424730
750248
664142
171639
264127
205626
553966
550486
781576
958941
175071
807193
777092
630198
704459
564668
228229
161403
983298
225121
296986
757353
777640
114994
601660
992200
291340
613237
472905
980915
806431
276352
659509
134517
158307
958768
59905
89358
384319
852868
134041
951231
121729
918070
96090
31307
743960
518684
148977
992436
961182
411091
560114
228656
660715
806112
418538
422631
825451
8411
672206
655556
838051
970233
445140
296918
977305
143804
287411
28901
456625
331981
109640
165805
510254
831206
195783
353023
895249
145131
44440
531881
877517
55369
772048
874461
366837
464801
368319
672536
533263
656680
708430
711535
464910
902655
385470
377564
807245
21501
549483
429079
424590
699152
322882
621432
803311
191705
95111
862705
596813
967266
347171
90305
34278
15063
666275
7242
564254
256063
876577
726834
305816
284693
181361
108634
773702
123834
589926
477808
590071
708087
314796
531926
448645
34146
426004
305247
667090
469783
896582
297433
229276
635296
878286
165474
251217
119835
974403
171419
871294
349873
303393
101944
393391
998955
581839
712125
542012
150026
823025
371479
616696
691916
373059
504767
389554
802209
852327
346491
618670
632111
242563
888196
150960
609562
129571
341837
925550
378545
451283
389460
381697
317185
590756
312399
55726
842538
791320
582421
594660
123580
947327
586243
619065
169621
366749
5667
493091
716345
756295
446684
119628
109847
92387
396439
387544
776227
966792
920390
757010
494471
234252
279221
373806
486136
443914
518641
202960
272671
352865
148049
621226
269536
270019
838076
155060
725860
84657
799410
601260
263642
916281
695702
86254
43838
210256
401548
618307
378181
97853
675302
232759
677035
999103
136934
717505
703127
639724
771746
550130
615690
537978
910137
309580
944694
825108
326942
688153
285811
501960
800614
67717
37941
424214
281378
959005
625530
432386
134898
985011
723033
346330
531234
898723
25454
115531
365185
232745
252287
642375
163457
734266
540351
564606
159897
629933
374487
548553
91919
837363
845408
387855
900667
220343
968306
410561
657144
96465
131010
597890
625761
966092
765818
553508
122500
672384
587563
353136
343351
360375
52777
109978
472672
132104
208538
646106
139712
415751
266738
776602
409972
34843
451112
802524
71204
996747
263080
839280
148272
313723
676874
864901
101469
615313
448915
343217
574635
192374
223083
207502
288058
949986
782305
765391
314027
151500
320491
557155
458096
789164
777780
477431
878027
709725
767673
563993
546181
119164
705962
386312
383526
744613
253995
852439
268458
888482
876282
472248
955403
832374
983259
276223
800490
349304
32969
229220
932234
464602
90330
23674
942984
636001
723189
805520
231368
103695
953299
647896
906262
67659
624858
164472
796295
568114
532399
571689
744712
62913
889209
10118
28951
3583
977726
529749
836480
699334
854098
149817
255692
55447
945356
448732
965430
61563
620800
290059
141387
645217
494265
471409
798201
723488
663683
57034
412045
23606
219001
637403
504599
91448
266610
482551
75252
852741
422715
697524
353820
729105
654042
141943
679436
468269
683017
928450
851687
211585
281117
145642
666007
644603
825984
269806
579340
276428
47203
484561
696688
286115
29837
121104
565487
414285
860778
901347
129580
258406
284013
997068
866610
583053
826585
166476
686877
913853
68735
112049
596310
802356
413342
931421
845122
558535
917009
280603
831589
672998
255962
28605
932222
511540
418665
422880
652322
178255
413601
170863
214854
862051
611701
640869
178
342202
837470
19064
366764
135854
