146902
636347
273013
841102
135350
855378
994889
661527
89817
595447
483188
686694
734927
85235
238347
365884
682400
307006
245480
146203
838431
594946
977101
46912
390234
702399
755268
71743
559733
334507
802899
500808
179230
470465
356750
216523
120327
157881
689365
891911
983614
147842
325891
6115
178861
945464
622629
882282
557706
878673
722501
966033
492055
577515
298960
740638
262175
628027
739674
631122
758101
605863
384010
753747
952409
150991
842648
580839
370464
455929
956263
491366
274519
993852
383562
758807
636044
786007
342142
327744
120467
142425
320401
673976
83725
983998
378324
48597
294401
105045
276513
235250
387778
656686
333384
544940
621797
446999
532342
929425
789307
745623
148419
656893
931889
727072
163200
802538
275205
929571
424291
200367
761118
287997
871512
877667
68195
619027
643027
61175
619962
163215
617566
752907
761373
812636
498013
669279
912970
347648
239058
727930
95082
543637
894834
298493
190365
197713
490962
941541
779115
929329
693426
596827
470985
658791
957949
122913
278761
789933
463540
513647
153976
112229
256556
443770
339555
264762
273773
133490
35970
647825
617412
94578
222238
986399
757578
664691
844711
81675
329228
66981
245218
423829
493810
146671
426406
9236
971061
860342
481504
969302
33280
590988
682551
373587
698135
573215
990075
828580
127606
249065
149984
235785
868047
904577
634609
563929
50222
146618
905188
552011
297971
152065
873223
467014
74657
308375
366446
449408
387094
589371
918991
796899
334895
759823
937431
422386
133282
140345
773139
405157
292223
526256
959541
815653
16979
279370
14678
570132
914937
171942
342438
4203
106434
961121
608082
453498
817432
636844
919504
435458
355899
709553
689774
535920
773144
52231
275968
205629
72786
921338
332746
755393
104799
717387
208787
671829
683664
717733
585074
177756
366821
226202
699957
57189
648285
19558
966786
316844
568835
45051
238476
921990
314032
132465
574407
315293
73213
545000
937274
585971
874332
691227
382158
437929
889011
36407
435639
994787
830166
900973
107634
696277
917834
458303
39593
53938
440984
851659
484344
474182
943306
138097
634847
532489
966864
961114
194098
323247
346023
296601
212154
761785
683249
227220
63147
187219
738608
269961
984121
370948
991773
298445
692064
320959
187040
258590
367155
887886
631874
837515
800191
21870
114717
49596
927154
543204
950995
454018
889588
962823
755014
656898
431664
755105
772270
500069
482534
485493
947786
217167
871033
751797
33730
583071
173210
254619
282723
161883
146999
366060
576770
435492
38046
324302
47549
884390
313717
952645
737949
852975
208920
674705
751288
318783
933954
537260
755861
394685
350279
236738
488205
687961
673755
632178
807161
706336
704476
730220
146448
296574
724649
835683
430921
664700
20902
677749
12361
253131
851091
945538
935224
815689
510869
19945
5413
207676
937463
422502
709675
428218
327928
263064
741273
614801
222401
345632
678078
155511
851519
996205
384629
551907
545532
462018
662182
216965
159636
209395
501931
702309
307626
819421
642251
878042
386345
188909
102664
30237
61800
776111
259209
21864
258452
481412
63496
293933
153020
935586
708070
134101
501375
716274
160157
899359
907032
952678
678657
841511
728792
488585
255480
921677
697014
76121
475666
124169
523566
175118
131234
812907
193834
167104
215961
367452
856564
905599
861051
183688
916525
629262
683257
519850
871896
53322
362980
208594
349330
977503
857587
272321
949295
736802
756781
748163
154430
567931
678564
569711
533529
981200
843524
847157
943657
844314
950204
207545
988801
235908
405134
116453
987497
430621
320626
818043
999005
471630
888345
383515
452680
143302
283018
557150
796367
709810
346068
468439
359753
261720
652788
500396
916396
242238
542626
89788
686840
66330
620861
340208
585187
965717
435939
30558
23401
30023
577485
114081
198657
505541
608276
166124
744251
616224
92476
301149
422265
470716
523565
491422
761521
229866
771851
986289
76546
883507
331615
753075
359374
115065
228096
948152
462733
907041
236162
555311
475627
880097
825953
794083
610217
783189
914355
55757
98887
366443
842924
951082
772195
352986
36111
396668
457289
111019
585799
90421
522945
387611
956353
997820
562764
509283
743224
423732
902292
512220
64294
81419
216847
636831
909332
389484
83828
676874
583004
37185
480827
935436
777626
493211
889650
524302
392139
630854
447424
843073
220337
535735
663013
22293
227234
412072
872
973983
256565
142087
751338
907072
578237
795416
456162
724725
491090
669508
50748
963280
265084
333327
726791
895558
747744
349124
335864
163098
266439
795608
968038
55621
615380
125132
636810
621286
494130
239131
598397
398940
383093
65334
996511
370869
557267
342136
213622
469716
692008
269199
387689
20735
589902
992446
354881
546774
660194
154290
431495
849315
719270
754679
124876
277772
979585
367712
544727
909596
396489
733582
320166
160039
254762
824464
126701
340743
912122
719351
809526
734098
53031
223630
729210
788681
581646
219521
887522
324365
601915
360679
34729
879428
997039
481389
880851
680851
145478
748382
301208
386832
759314
849911
336878
890516
82132
264576
432014
291942
322673
88327
896500
314549
311422
162938
451869
696435
790965
757910
927679
672181
115257
524678
90312
3769
866929
782627
806339
246895
469714
950728
778494
320135
662859
851834
516924
906667
748045
180735
146125
697651
877819
817887
339200
45970
555611
675445
602787
949396
305441
804817
677942
751939
139722
213593
851886
417157
567264
313958
252534
43688
989400
580901
593337
980288
900173
629864
479045
449593
380664
256274
322124
287542
290315
794653
688227
2319
20903
138952
67908
965186
592210
893337
929983
336022
119410
324104
745118
149731
659471
608191
750730
672585
954082
587161
299785
175110
320529
288111
49524
351595
614099
868446
881996
958662
256827
534069
379153
574440
349503
836825
969409
991099
769308
267479
198363
318875
161352
307975
627596
144953
121728
562728
246561
683638
236044
614400
241026
20468
615187
512687
907316
197562
220284
73421
361392
764957
818894
971280
591370
101622
319954
31672
820538
544864
152479
23368
887312
764354
838809
179713
200059
842428
787504
673052
199840
915813
105452
32996
195313
420294
185729
988912
978037
483305
446475
626315
202323
515367
352255
118557
44693
991668
659743
861835
890681
364329
928145
401362
23377
619364
669502
399692
249267
444034
968092
142857
761746
490384
752609
364770
887278
339298
564842
912651
941040
101230
854892
404738
240986
516556
893247
815529
937020
994160
401413
873046
231524
944961
622725
329547
205494
825423
277372
875201
69954
285731
992586
668290
960845
759948
964387
769056
404364
347108
546554
468442
671943
160433
203482
843850
148696
398586
622549
728462
561045
42138
684702
373689
510322
890334
230533
187347
146023
363907
231992
829194
516204
677311
870961
621068
694124
829435
186805
671442
640204
830083
428653
555176
378357
812010
35714
831801
615900
34661
763287
984385
340329
726351
751404
789790
875292
244483
672767
831029
465799
564394
151537
634500
117931
799666
682954
946738
579252
384126
602634
969644
208385
611494
815947
958776
973577
345066
998058
6083
252840
836220
783722
127221
509467
179398
940256
449424
661973
579294
64754
253168
478564
994570
913523
452557
905855
547354
889132
141909
954807
26427
832505
993245
911223
156814
301367
179202
632583
377781
948715
890969
204889
71907
825842
90291
725356
254532
86476
164522
602829
868378
690708
696617
8860
787007
316821
263128
776194
24470
527693
253834
224047
712046
176621
317111
293248
230714
334606
580391
348984
830630
631328
31689
935927
868415
640467
770328
276394
903946
969469
719141
833663
750466
875440
454608
864681
263972
518587
412679
139036
469273
633927
629911
858644
842184
866025
626681
121631
175881
22931
124764
131830
406771
960092
860200
530160
308242
657749
151061
296444
963202
374777
870636
477236
998895
603390
53935
234477
501208
891150
869526
909977
589678
137324
300500
142964
704207
506464
112846
296988
627684
401743
118493
411132
991947
325317
455129
595783
964842
158530
767448
648108
426165
91151
962582
296490
441952
209654
186643
132401
410201
104085
157828
585345
606935
726398
39566
684001
975152
535622
406091
146290
453790
195931
699055
393238
574768
280629
62759
898933
422832
891035
175783
343647
978671
190229
988805
941225
644112
962833
437612
953879
607568
8934
124125
141298
618513
383360
361050
284518
328104
680278
689676
615746
903529
403256
98206
983839
31208
565727
463516
457980
979043
144324
29516
775272
918716
946039
59445
301377
58711
931025
402104
271458
564810
29756
927190
795670
980105
232804
25114
181124
273993
243972
553044
750095
648609
915541
221337
549063
980881
167103
344245
82674
529390
243287
985619
1472
293461
414389
990252
644594
878243
469617
908283
762178
996433
621469
615013
246340
252244
912769
241534
943301
244277
98809
247350
36309
924052
583663
449314
114625
958060
65672
950667
912231
349637
445531
651825
74418
356536
889548
874213
557277
662564
816460
259102
972883
893849
363110
604725
852044
534436
480825
512573
49545
996275
877786
896673
797016
12943
149420
474542
154894
10951
776154
542222
628979
962316
923424
549428
634370
409992
935178
624783
990997
226219
825535
157483
174067
986619
477431
727087
600211
210759
975872
239180
662665
514548
389829
932790
892044
848809
917004
614984
119089
357827
793599
298011
819068
277463
639110
525218
418198
414028
134246
956826
639618
853743
342235
618966
400173
894807
979600
723787
213711
658926
306467
642058
159842
39051
4449
554913
153961
95983
924736
869036
583665
371679
431000
309347
982289
392301
240268
222319
253325
96460
199727
352127
284576
826166
692081
703707
508660
892750
892222
463117
684200
16363
504065
939612
258380
338079
266635
533544
594035
603065
513308
966583
439381
153554
952967
120842
166263
508585
575981
941499
761373
234185
836020
370120
686117
442738
734428
78697
45658
996020
54530
885856
210428
934070
60792
706289
792490
684955
204784
323004
569942
54056
827416
416958
930660
822189
717596
914798
841587
198416
604930
937315
928258
35235
762611
322998
928028
995895
340824
76759
679402
952185
205063
991407
289857
888874
963339
744597
909997
986957
642235
322304
778059
804338
561310
14280
617870
82725
881776
536275
589325
577633
583149
67293
359740
194028
684906
317423
574233
212067
683449
224019
796123
522045
122434
607369
230644
29635
953798
575459
491412
115775
983567
650662
954471
328399
593087
227691
929748
126279
927127
278285
98805
804121
439466
983662
57646
394676
9135
758370
730737
529015
371091
597792
681991
510853
745237
769875
315743
615609
705065
44842
775034
41203
713837
754980
14920
599063
242001
382629
241624
738566
756308
657200
519407
401560
190798
606360
265203
345511
990946
973610
608768
938465
670635
279349
575704
286046
50276
522395
903721
66465
907459
502794
549890
26628
543035
752755
95609
420650
646918
946235
760843
688630
161393
811713
819043
783362
408020
643422
548923
238365
180673
409920
992218
285022
389939
180049
51679
181802
801701
899906
430486
908128
375771
288176
659299
206265
830416
634721
636390
195339
51543
889851
682480
551230
782618
916973
235099
842652
657714
713656
242194
639683
717882
964314
129942
562420
391899
256210
620627
606825
402065
788580
399564
656122
307576
787446
241105
149309
560957
807498
235861
936206
451212
28250
682448
138546
682125
221059
841366
285270
812181
896589
298016
236193
342757
651908
215582
878681
376370
237159
17632
754201
417026
56090
978734
677029
135594
839901
675846
838336
399429
69257
523077
872762
429192
31856
89065
903536
625841
380685
294703
906097
166407
437835
157687
973388
401846
783750
728890
399968
917506
648923
368128
986187
560560
469034
952353
430549
130283
944003
321187
679360
688697
267718
625588
982249
74940
842617
298017
150997
593094
540247
250107
990668
339060
505996
194202
688608
332202
707818
899646
480910
718449
227632
912711
441875
962857
881260
141322
436982
383363
242862
89253
941284
166726
321551
625550
311695
857052
981007
518454
324053
532633
682759
202542
310393
929242
327297
547952
298460
234500
806208
710740
783783
165753
888523
804493
94975
761979
710277
786420
38031
542849
864169
200929
496544
857963
420688
137732
269843
354193
465811
930876
750682
562749
410731
206655
614322
994430
805146
793740
110699
953101
185461
486192
423572
322178
558067
66222
337648
576093
675910
856410
919723
409903
629039
554687
580479
161106
110086
889575
961394
947593
109399
931348
295577
127518
8655
424767
971055
640681
890626
407864
997406
875637
137779
478935
252232
818661
456792
19767
612003
998323
504702
621177
128337
411764
131884
129103
690325
507951
433310
10448
712763
132724
642652
43127
341109
576101
709681
757186
467758
487381
14331
554821
978429
327157
823336
575593
621095
368016
374146
29399
778911
582120
61618
713728
231121
756347
809847
517077
805011
973279
737057
919088
301091
21284
941722
954671
422119
84694
927687
166389
392478
560954
884698
966573
127492
831700
489103
970939
699174
40613
742786
787639
121458
319857
82576
371043
622132
777910
909271
214176
1581
226435
341744
440566
785269
630509
495158
265667
113005
492319
935827
355402
342498
694297
877892
477015
183714
954095
909574
695370
100650
356871
65495
458876
804738
101115
673051
605221
357475
665666
227227
466011
342308
196262
674807
323606
877961
341980
733225
459683
574223
6597
918027
504070
59706
972993
702817
105598
485124
419210
145971
612903
886946
256325
926232
80060
182269
970296
994454
971061
862009
418150
448989
823701
622558
649458
958616
230028
875994
213158
956117
575815
882394
977031
897980
630946
247018
340249
584088
63981
59647
438041
135226
812662
795956
212399
607700
834218
16445
40737
542771
967907
978443
951592
822324
941132
228210
690848
428985
597298
514278
885899
182707
833597
986400
511264
338436
366472
793197
82406
732476
6067
69234
477962
352363
444603
889268
886449
662060
918064
746694
678085
525545
763176
150298
54095
970188
783808
599613
243869
87531
34431
614317
555201
225829
169786
210650
293254
680436
901888
448964
455977
281122
472200
144265
136210
299007
555247
67559
604934
269528
900011
298109
340195
171888
439849
433571
22895
939711
643993
810724
149370
513777
235115
337436
833364
47521
27092
794598
761980
636016
214932
870100
261248
754244
955613
598589
293420
442416
739093
415650
921236
436818
203841
122057
616378
364488
441808
223893
653308
877620
29609
187459
934244
76163
804037
520226
928640
499045
69007
520391
765776
173727
511126
915925
621312
188242
869684
509342
36121
132517
566991
646556
61158
409969
711663
538503
417520
250991
440657
908017
240403
919580
596875
319352
599002
519713
715460
15351
639982
168730
699812
804825
312517
548049
363024
618074
287082
509718
885315
246096
567353
229776
932914
471132
105228
841486
145973
194310
414745
905922
521727
152614
188865
187348
517964
584408
582412
174727
155910
268094
589614
743169
929888
277695
828836
400431
532137
855794
336174
659742
845834
459546
91895
204111
508561
252411
721551
771264
852787
823072
281018
453907
576858
42513
631112
329568
905005
39648
865629
194555
255911
695628
91747
854559
862959
10542
614564
957139
959406
405197
996857
227946
904820
671477
510130
83493
678731
452622
614409
643319
563321
776848
497282
822812
298689
650603
418140
782733
331704
665924
224413
126587
911919
67292
643827
130305
971772
219047
488471
28934
463399
818794
256262
601949
465378
2169
334030
405188
893116
385218
135473
639843
277290
530289
292144
230375
179807
110085
645637
152070
84311
379158
416797
810609
441126
198050
911749
988972
493237
766786
972589
108241
21194
318303
859808
269412
497690
211988
883850
862065
272550
741022
255583
685041
802854
398711
233707
713493
521575
381703
779535
276213
176942
154917
19040
949579
626864
400998
396985
439255
150811
892437
368449
816782
198309
283345
375156
21830
917580
35114
555493
268926
78177
674808
839185
37359
299908
391565
267558
109784
404552
679824
843605
811085
303446
261913
326533
753348
304812
956990
296493
806800
366359
564726
777971
990335
223587
323067
783642
80890
69100
64991
584943
277355
959399
438402
565664
899105
167755
187522
298397
259044
443015
834071
348349
730860
814710
208112
358961
413896
267649
319623
732709
990743
201589
265531
958421
297321
576436
312308
87542
272781
250251
314821
221821
139822
960028
822241
858270
414498
570533
110905
292108
950646
397520
989720
316915
885237
122877
727331
755593
379316
545060
683837
236156
426283
691315
430382
439376
67487
653865
162492
312084
72504
579454
703974
706201
765159
656351
966895
907421
270964
867614
409805
57554
682765
297123
829797
612977
582144
121165
610617
378186
109708
890529
810792
98950
545628
467903
311865
145136
927743
629497
132002
390440
734113
925595
287536
189744
339798
234388
795795
878141
876126
245331
913127
604225
708319
782965
727770
322130
77079
667261
963433
908949
79667
670892
462130
174965
36448
285008
42649
173064
522242
708407
528896
482414
341507
728540
901842
505970
811103
63837
339821
210576
749983
239595
253852
419612
119077
391983
426252
174561
199823
932879
158065
206808
202140
837245
870406
507816
490722
239253
336124
449453
288659
194111
579621
136801
538475
145680
145943
589921
768321
891605
803892
566704
629391
38760
50712
860946
458861
868711
715430
568974
791191
773400
112795
234694
377632
709926
221348
100327
983959
275919
795549
52110
594248
232799
725748
888641
7276
478264
14421
61424
661493
338987
741368
873905
716818
182250
170375
507053
303713
598766
582944
706287
94355
147953
127668
503881
659969
732838
114928
450027
275235
538724
387339
994517
182645
119964
10797
483855
283847
831753
676404
203154
655683
683480
571104
410646
350725
121591
485452
548250
152363
156948
961202
74031
318136
272655
902538
64110
704640
126094
66750
869516
817693
717973
801269
341902
900509
599436
127166
654166
691873
408869
8220
7740
393997
512093
626020
274461
966827
993557
390753
337915
410686
887374
298311
321230
90365
71803
596772
533970
501489
496312
908018
344008
855534
796598
520737
282541
242626
164910
306594
443794
509208
617004
829752
150090
158230
609530
852962
291416
949959
918885
237022
218628
124715
904128
375113
596487
901540
336090
191559
924135
144203
813164
91473
110489
208299
440489
409120
117204
202853
780502
720501
409809
908687
854264
657557
876604
583702
764820
84143
320781
479483
424852
983744
104626
233461
722130
161605
724492
95029
360337
689585
525022
90877
732765
910150
683789
368730
841829
492860
820496
508527
191050
46373
127358
926000
357680
301086
142527
900348
995827
292284
405344
885642
740370
376721
771213
795238
252255
254758
612849
494703
858491
681119
61472
615493
742232
927260
384098
141084
467262
689910
499842
588054
846147
882906
588948
342594
32943
424021
417460
848463
633729
72802
976652
296581
943521
842549
711721
138749
241475
641740
980676
771864
358000
661468
982372
460822
197507
197693
849482
910516
543476
889043
780502
678797
414367
348178
903381
994133
629761
43801
491437
993169
532109
629845
573746
500007
573861
553115
537377
961007
3031
961745
489178
578018
893741
921779
385249
518558
815874
413405
170796
593245
281087
684932
360767
898611
411953
23734
613814
919736
688339
604719
774279
733283
260490
788242
922696
377917
939573
753052
196508
881648
513764
864119
583038
619037
593334
592860
532265
919042
109485
364
472587
95158
492854
156000
958298
855689
74821
45334
442976
435653
999794
19038
432743
904135
418436
688307
3561
55485
945586
11824
463201
500956
965114
276211
727243
361909
574482
267838
806121
464181
128132
212594
220926
242385
490897
497808
45728
326330
438830
207730
634440
172473
102738
603978
123456
683453
664251
601385
790371
449250
361711
295896
715107
628374
788019
22887
4124
425419
609189
902705
952758
78248
924059
96090
179425
318301
399628
748418
631370
70609
800997
120146
31106
300868
2236
715072
90908
28277
316789
905395
497019
952310
496279
373364
563924
253476
247993
710179
239660
813666
754606
792521
334346
139218
917793
591788
627942
492808
35379
11505
525893
153058
282603
549338
927187
717695
241058
515325
705075
933180
25457
960675
680830
586620
701822
100607
94082
527498
31582
673745
398066
155784
92461
413205
269952
441830
925522
407167
575203
520369
985451
531685
556496
953653
400813
808072
61949
30760
460475
373173
696637
408509
366025
580457
580250
274246
908690
906245
628565
103382
221967
535516
577782
24717
137038
711847
929370
643139
715280
116470
252330
124473
1878
68762
578317
4699
480177
221162
88580
790999
117620
306331
938132
912032
164745
382048
205262
820060
358082
77201
296201
138997
344961
818076
494808
970568
15802
744038
102145
479747
828589
246857
515648
462634
5301
146228
680354
210956
178863
238033
83633
217951
327819
404166
271748
711973
659050
542626
560700
847244
519906
621283
599415
115926
168961
730406
757240
274749
13092
80474
136803
572007
974899
738994
845525
2714
920324
336681
578211
215830
486611
5832
806940
763975
471757
810138
207766
253903
572553
840818
259145
454929
570025
391028
345599
903539
358631
911371
806379
461422
348418
692244
445607
60289
283666
275885
667768
101028
6898
14492
84226
285334
212733
125267
950970
656475
441098
900682
40382
72421
891590
775340
409786
711611
481048
599491
168266
294660
163394
511531
3647
441806
463188
816706
593334
853878
888496
373250
199159
433976
273212
38107
810234
74383
61131
528282
198047
79585
81072
422865
531950
445019
440868
248192
613863
868848
822914
522297
367054
76137
816845
896821
622332
59026
714678
35702
934716
657223
930008
123773
168463
835811
850900
610675
576663
135574
487543
373932
269216
458143
211849
553064
476288
604678
492384
464881
601679
286890
110293
559977
89197
482466
225354
55531
883135
954247
944644
194248
381575
245168
615129
143394
302622
735281
104670
87730
761593
852527
170251
672621
783221
406688
587213
143072
507835
767719
894456
959661
710306
564312
152843
181825
33841
435039
487609
594073
954791
650070
441821
264467
771035
835068
697523
302228
891046
691192
757893
29440
125357
380096
217023
436275
680621
988726
500137
277330
275384
308990
505567
374644
271240
42806
336024
204135
988275
1900
366797
966579
53567
315700
757789
706661
655801
170360
332678
384487
44139
599648
33357
655902
284960
925191
821751
551925
658
131184
698028
854891
108270
567107
575587
770512
244049
952245
512286
45055
42854
71905
187059
966541
170197
132836
827843
293893
152014
549506
755144
278050
956719
343866
997790
313787
365963
441469
630014
201129
757868
923214
299403
715574
745933
886201
251171
75272
99142
360125
756504
625914
257372
385002
164643
217189
403309
391441
921319
181940
846686
428089
328808
663981
395903
223022
636147
214032
550531
358861
879832
76626
945103
211951
800336
539687
752826
760868
69247
136141
78324
472440
479282
426357
332705
965441
786698
65777
977947
548455
970103
203748
222702
221502
405259
351483
837308
21337
473055
889151
304848
531583
361441
60143
527772
699594
143975
150068
953707
905705
56061
507713
387410
888340
131403
934155
103166
534662
174602
269249
418965
818704
983576
921764
272626
553540
761146
648460
241534
578411
343201
916840
806582
893253
370983
852625
780226
305603
383898
502073
949937
183489
594685
898754
950677
866240
820162
344999
278201
889232
257865
54882
186773
307715
253514
307071
653559
357736
759340
325504
383142
617479
43690
682781
581860
617528
144791
624897
795677
206765
402019
785596
468673
279505
28946
917837
375061
751198
611789
901985
871933
188567
202414
181721
136285
432256
985015
244366
637328
435883
220795
847685
490977
762680
209372
721948
978332
912397
542703
709269
844413
447161
170910
436191
557250
177801
403613
723137
980113
683053
648077
449689
681135
352775
403667
765147
237930
506559
334148
959303
8224
241557
887392
449157
510826
138882
889158
962847
139357
552650
689358
289537
757264
406603
123257
424813
207571
534502
209254
797732
382094
490623
10750
123115
891908
430813
340521
670227
882510
503595
5328
465200
693628
690619
829556
610355
784045
842170
96025
771325
856717
112140
804309
937975
907283
355627
762473
927715
846047
423145
817031
692031
65053
622268
607779
414693
39406
310382
255582
95231
966434
767316
925327
326434
912084
807855
143948
241028
356569
606161
243010
735497
728245
408140
948407
513881
196567
103622
173949
254002
162959
381354
822444
726182
29841
264724
780886
366803
176661
372640
747118
26193
410691
192200
318265
636418
84417
102889
291906
303110
821974
251844
923984
251653
715346
799303
714376
274647
323994
742427
270609
99890
706870
193628
275851
84723
69919
234948
888880
858570
574189
300052
423221
58325
230793
831562
878570
31816
949822
238175
583927
122059
200553
237524
616366
819186
102555
481061
733900
407112
748757
730362
998447
549182
833421
250201
850479
671289
240660
844249
435304
351218
475805
114268
178338
63510
693157
473905
296978
882587
100032
869921
43046
890233
838148
671071
454851
512665
430286
363557
775772
97989
831065
405029
491712
827599
691490
483031
979823
671744
844554
15846
284917
818768
266348
658569
558378
554464
962953
418620
51063
387182
391133
383035
449609
154467
473752
339154
384795
326167
807786
274388
454568
200458
97415
877110
541998
355215
283196
442545
946207
741981
638883
587831
10052
449569
957557
97898
587778
81186
988176
640129
973978
551206
478053
997920
350331
491792
811494
744188
649340
839314
586111
239909
183356
338197
984852
50999
122818
613102
196356
897073
986568
226636
754872
587931
959066
331850
586159
429675
448923
288970
363592
115312
895647
153791
568309
118437
263755
156818
626198
769152
500159
701081
73817
251581
384967
828496
547807
94303
305958
959638
441213
196865
853555
975516
522255
557619
841123
667725
745592
414829
992552
748977
579262
220854
560830
422382
364048
231441
259239
447278
39016
45206
662863
594061
475037
664034
158378
30094
885147
828326
387725
166080
350895
145372
76183
990553
971536
268963
497468
735097
331039
167317
317575
442329
459830
839609
312170
838187
768950
961250
599833
359621
885155
580002
879567
65107
140487
837426
920942
370604
163321
811266
841616
484800
169321
703777
635760
133549
236133
951798
517976
861164
885770
146784
320354
564501
856522
169632
90648
280074
762999
661759
975782
39735
93736
107365
625307
730690
492432
508488
513253
821230
781520
558524
610768
240576
43806
801589
697913
855707
940810
651022
524014
540775
876139
711148
424785
466021
957391
621673
121220
917152
63710
199801
220297
7949
159327
846873
765691
186641
704845
261501
333163
333087
260385
642883
631943
110537
734569
840952
429777
841227
774618
654342
623872
260350
336194
726178
652902
1499
753357
210602
258809
405959
316809
806633
989745
830438
133754
709925
747530
479695
374744
813356
724345
12114
57121
55442
716429
683087
880436
509387
255139
839914
36001
959198
794860
211535
635654
811369
675123
149628
476029
923713
877567
136753
593160
881234
471848
447285
352500
556619
840983
244520
625622
767683
171227
373365
636171
461986
214754
725543
989092
272022
609210
569156
805094
319783
180322
99742
692693
715805
265927
228683
29642
632657
881807
666136
910843
788857
360935
946062
705365
567904
612032
74663
865598
279677
278765
785412
706303
890174
96520
181687
303205
243138
424131
453998
714665
622842
584484
20580
870075
66624
472262
872227
520011
525775
70745
802059
927547
35965
96344
826688
299431
768522
880867
907697
568404
222832
56806
519011
795483
730008
236275
386835
818904
549280
818518
161710
93581
976169
106439
94778
83366
897389
832587
431196
976761
406852
547116
80209
950816
28318
119772
142005
690226
456347
223123
707311
323093
462225
318012
80856
520479
207878
144714
219435
313529
291115
146738
467155
734292
886700
875778
314496
541704
768
149868
994459
140372
489982
898313
238984
401379
87139
499206
840490
849844
650163
481102
993629
469030
590166
696605
705397
182100
50140
637216
511747
262601
28111
215897
227281
604357
791731
504841
151141
437442
9709
53529
700112
516729
108921
909932
7128
932106
645323
400824
499604
61098
779721
685767
539259
82015
458448
971944
789385
272610
313546
763193
285052
608509
357142
186279
108817
744318
132907
302415
986747
948660
119788
167848
242851
78387
790494
545007
231110
332652
659547
642696
735613
464403
768065
773784
149263
429071
522217
647933
836096
969401
131670
982409
496165
659078
732526
768806
237883
813040
35501
718029
44531
541838
520427
834650
638727
705479
404147
314032
11728
245395
84802
919425
763823
647445
120914
747771
226971
445740
438290
628121
170551
138849
305705
456232
235084
78649
114718
609072
566074
25235
508014
330643
911031
671509
581365
7334
912531
733774
329209
449602
419977
551763
49574
167046
743668
483678
182862
578716
141788
384146
352901
66947
407693
402073
62272
502631
433934
650536
711178
102337
167826
233585
342913
620903
607650
202189
821605
632338
775476
752349
14788
668790
640483
167604
899775
399839
618813
783177
473224
282659
517169
272629
361135
896768
345223
667325
22719
825054
438022
625911
941767
967380
654761
35614
388391
962878
403037
809313
607444
636319
873297
765226
715013
56704
349571
645705
802500
373095
793769
739741
676490
448039
949428
236369
677503
430407
575779
283825
540960
720585
594720
846589
388572
551334
531032
264165
866870
356352
126769
815066
415190
667013
520151
285989
373604
160723
373703
243932
503266
485464
904614
967822
918928
401821
796954
28111
79200
505698
468026
30368
902555
742603
394457
337548
798199
246080
1033
175660
14071
82738
565895
45280
630676
748750
615738
470028
992484
479045
846356
130135
380664
470642
389579
883150
291081
81944
449557
578236
601352
76430
348964
785237
98964
298384
515131
586792
202626
381804
903952
143166
939149
757038
763481
268326
476270
745262
447432
784941
581916
466955
504941
695264
589186
425001
32003
864132
60041
540180
883671
721286
246204
62065
886368
321971
181357
783694
954040
523133
964916
780835
687481
929707
592924
521915
153827
642736
783307
843996
303736
387406
59390
652471
806981
39731
598250
739823
324726
375912
616621
96279
130495
445868
141072
613311
674078
566115
507540
538713
331433
127532
513183
798100
270445
23582
478528
166814
85888
399888
798068
461739
127926
505328
242105
508063
552063
357298
428177
816455
105881
345834
472086
345161
486898
263709
564967
116789
459222
36304
409697
288168
110181
461203
790200
157959
69495
737828
235000
756187
440979
577589
55051
273796
231331
269153
50402
772433
501629
330871
365930
590468
702095
484421
483654
141296
204675
920158
291990
229397
498194
607299
270596
708280
305687
241613
868926
381499
517001
710515
859881
21525
214591
836000
25738
273703
246884
343501
241835
365501
842346
287165
117672
270305
972908
576518
825672
709335
874887
854964
806709
935492
566532
676351
933690
629927
461484
205458
644671
142842
812227
121837
759018
216583
318571
191068
585716
917662
845138
672618
932605
237296
783012
307706
502350
757707
521450
61170
938559
708474
859613
648901
879392
115514
805322
597806
577679
358295
71379
711758
297957
323210
637524
447923
390230
798471
815030
176108
178507
228593
909220
958707
557658
58021
876865
507331
240848
183378
805270
797194
348619
212042
664701
251641
995860
685332
185913
243104
456305
193270
194864
723918
846595
830770
896715
930206
607811
498460
983320
348484
316363
629387
751772
614953
79289
762055
372639
885976
100577
947208
305049
94256
111928
179774
602165
235917
519219
171432
658314
408762
828487
501107
137582
997695
714905
184335
650456
721290
517473
662132
803364
403394
208481
450180
53293
746547
373458
18320
515731
732589
924021
214132
726186
28148
824119
26579
945247
115461
880030
547309
147775
157351
856919
307295
147867
636520
923340
880335
465478
38060
424028
92745
869095
420421
863815
64559
501439
129511
864136
338459
493485
574100
981739
175139
797825
932994
504563
615620
434133
42160
871227
485410
13421
380855
364105
732704
974341
395761
103839
676883
10641
260150
501159
112898
315808
346036
188520
728063
961731
941514
956905
801287
292530
974444
991526
507089
4148
2313
408457
553255
102855
252195
771086
810614
441846
257014
841673
133804
620184
73114
790295
705582
136101
668923
513772
219887
357481
822212
482486
723760
262182
326864
470000
646777
385659
790468
602478
1801
552106
740484
742487
246700
983880
973387
509582
73346
58846
327319
79377
468173
203644
497537
262978
413585
298906
522231
176311
310134
463233
368656
176023
750332
610734
398886
969322
556444
297531
519978
739861
997749
495485
363453
853583
624889
590276
189565
448538
541708
774500
302875
753577
653477
145922
620092
715773
401652
330782
102195
892969
90001
248645
786666
256455
339255
592512
895602
164736
539881
993321
523855
524809
600773
48759
653617
799095
710616
542889
776920
110229
506542
141152
126
545179
355417
36404
754232
126979
50279
782755
419083
34982
531495
380257
337066
784930
678441
575835
547940
261835
449859
963018
815096
819613
6735
467304
247541
87474
928034
403949
710229
164643
10235
310904
633480
134665
671412
383238
386634
481954
923327
21274
874832
463368
125280
141052
815162
365223
892543
190424
519862
295641
615936
902437
374409
274229
713119
25073
835832
206949
983486
81270
739509
995795
475904
950452
575189
958881
483917
443509
19627
10303
427179
72199
591092
871391
411080
194357
373732
951944
653824
144264
372011
785389
398713
235086
929313
813417
872234
628505
148632
880322
477105
695995
834838
838624
842363
622676
653980
476894
498495
585707
129938
213137
172516
644535
316525
72710
623613
872663
687136
550361
599362
597215
968337
12699
912801
388375
381709
162093
940800
315667
844833
108139
916158
212321
101711
999619
392713
666989
5297
302691
579218
712247
815329
987330
554286
382042
134153
864506
185248
29440
268483
402059
408287
484118
590596
518907
877537
539681
921967
580470
804299
769839
493761
41166
369043
514329
667613
518867
729612
380342
691382
272125
444004
829912
969991
608971
240873
432803
862771
108187
590708
838735
609421
146217
540766
737184
40564
657604
868419
247304
545893
490435
834292
800375
374538
832777
153658
706105
915923
370823
428429
448148
904735
410180
799520
576602
655939
53024
686720
916901
458763
355923
780222
647013
390654
474683
354834
686919
747736
278402
90122
510254
493931
823730
417948
628276
62278
37817
784532
221366
956793
565945
584945
989192
51045
997879
928853
656097
624040
212943
804502
404813
926630
455030
748602
295474
776334
273834
587058
420120
406099
329200
133468
312558
574507
486137
670575
284405
144211
949048
148110
486694
946704
180430
560735
694895
517921
462684
931950
882730
825184
529606
638646
484843
105514
754664
595886
5266
722992
478117
166074
409272
288788
813534
761144
476297
997281
115152
926509
585923
531607
587684
741096
72329
575257
792732
949762
496732
371888
989203
990332
82566
830270
248266
123645
674807
338954
677687
