98
803
1382
1856
4670
6013
6279
6433
8761
9229
10065
11491
12875
14320
14767
15268
15505
16258
20264
20665
20849
21777
22340
22483
22728
22737
24383
24680
25093
26136
26835
27034
27439
27734
28340
28966
31286
32811
34713
36808
38590
40156
41979
42369
42684
42705
43063
43789
43836
44645
44895
47212
50972
52963
57361
58240
59161
60905
61138
63607
63690
65287
68879
72623
73109
73627
75757
77308
77648
80215
80766
82221
84352
84464
84551
84916
85223
86188
87347
89216
89391
90139
91163
94915
95873
96090
97278
97315
97599
98357
98727
99355
99661
101090
101430
101507
103209
104457
104518
104805
105037
105284
106413
106928
107501
108228
109164
112759
115262
115853
116582
116729
117130
117260
119656
120148
121643
123186
123197
123407
124641
124737
125269
126077
126094
126365
127822
131000
131047
131189
131467
131609
133713
135692
136572
137217
137340
138018
138542
138813
139369
139832
140098
147734
148002
149111
149343
150836
152640
154517
154598
155008
155723
155965
156071
157366
157448
159373
160478
160758
162417
162446
162551
164183
165638
166845
168077
168213
168506
168909
171324
171515
171725
172389
172515
172978
173036
174632
174713
176102
176186
176283
176740
176757
179129
181576
181621
183155
183730
184210
184330
184857
185059
186823
187505
187563
190049
190051
190309
191089
192460
192785
193531
193618
193829
195410
197264
197630
198586
198851
198861
199924
201941
202207
202367
202433
202896
207614
208548
208883
210442
210922
211398
212784
213773
214946
215269
216323
216734
217381
220793
220965
221206
221950
225036
227010
228365
228861
231015
232271
234254
234472
235331
236313
237830
238390
239136
240274
240651
241599
243269
244904
246728
249264
251697
253519
254285
254384
254925
255775
256446
258648
260389
260765
260768
261743
262274
262565
263214
263839
269279
273239
274004
274421
274846
275766
276852
277585
278210
281170
281329
281359
281773
282062
283166
285428
287692
288508
288635
290143
290939
293271
293865
294955
295052
295789
296718
297457
298478
299461
303912
303990
304438
304722
306001
306456
307740
308073
309359
310837
311344
313022
313333
316204
316871
319287
323031
323684
324768
324784
325007
325020
325779
325973
327380
327534
327779
327971
328121
328694
328960
329438
329511
331541
331585
331601
332168
334181
334832
335423
337866
339585
340391
341814
341841
343181
345217
347603
347660
348177
349983
352658
353510
353608
353846
355110
357237
357568
357761
360920
362612
365464
365672
366818
368095
369033
369198
371609
371947
372161
372292
372611
372947
373325
373367
374269
374639
374710
375178
376416
377006
380466
380995
383619
385962
387107
387558
388808
389546
390328
390873
393373
394785
395341
395466
396132
396140
397184
397479
398483
399004
399320
399369
399791
401216
401795
407214
407920
411857
412211
412280
414526
415489
417220
417554
417748
419186
419195
419203
419829
422587
422660
423365
424792
424814
427007
427052
428004
428319
429251
429736
430886
431347
432484
432687
433450
433502
434422
434556
435161
435800
435913
436171
438593
439127
439518
440128
440998
442027
443724
445006
446561
451170
452648
453187
453232
453259
453305
453406
453715
454569
458227
458979
459126
461642
461666
461774
462250
462441
462804
463144
463477
464396
465131
467699
469221
469277
469530
469728
470633
471932
471935
472007
472229
473606
474083
474623
474832
475658
476904
478676
480071
480626
483337
483798
485438
485957
485980
486789
487256
487312
487636
492622
493350
493361
494432
497534
501139
502437
503133
503900
504383
505818
506494
507170
508087
508533
508604
508637
512159
515268
515322
515555
517065
517412
517462
518106
519780
521842
522291
522541
522928
524547
526083
526521
526876
528709
530868
530986
532219
534398
535090
535286
536144
536493
537614
541060
542024
544963
546726
548161
548483
549182
552564
554108
554596
554814
556497
558620
558629
560484
561632
561761
562517
562930
563346
564557
564902
566812
567168
568607
570198
570265
571655
574005
575385
575526
575677
576883
578977
580796
582081
582252
582431
582742
583545
584333
586824
588524
588767
588772
589483
590398
590472
590941
591630
592129
592375
592446
592761
592938
593902
594480
595425
595484
595898
596263
596619
597343
597879
600027
600675
600687
601667
602273
603390
603743
604550
604627
604657
607891
609050
610592
611443
612703
613232
614121
614346
616420
616986
618611
619568
620490
620705
621295
628645
629511
631022
632099
632512
632675
632686
633238
633548
635078
636649
637187
640400
640502
640541
642558
642564
644076
644453
646555
646691
646794
647862
649142
649563
649595
649717
650540
652602
654441
655523
655992
656482
656697
658783
662727
664108
664324
664933
666124
670546
671792
672107
672691
675372
675533
675884
676402
676760
677508
679022
679392
679456
679631
680081
683147
683523
683624
684294
686325
686438
686700
688829
693865
694988
695956
698128
701714
702528
703121
703441
703651
706035
706136
707512
708108
709519
709576
710423
711872
713008
713298
714437
714604
716157
718920
718960
724762
725686
727007
727519
729056
729538
731379
731561
731880
732154
732169
732536
735530
735885
735945
736801
737255
738060
738496
740165
741527
741948
742394
743390
743517
745227
746039
746499
747880
749040
749547
749989
750098
750949
752978
754119
754532
754976
756080
758085
758881
760261
761361
761683
762015
763444
763849
763971
764653
766465
766565
767178
767532
768890
769151
769989
772845
773129
774111
775701
776289
776748
777471
778887
779460
780054
781220
781304
781616
781655
783217
783433
783972
784076
784654
784717
787270
787632
787805
789135
794614
795829
796534
796940
797680
798018
798088
799742
800621
800663
800675
801103
803257
804785
805491
806401
807916
809183
810214
810924
811007
812615
812878
813811
814031
816412
816602
818880
821151
823877
824705
826539
826668
830121
830513
831023
831587
836276
836827
838537
838982
839891
840937
841066
843734
843821
844159
844553
844728
845244
845740
846744
848263
848876
849042
849591
850091
854146
854219
855097
855784
857561
858554
858844
859367
861213
865286
869509
870119
870401
871179
873913
878091
879215
880906
882125
883930
885121
885240
885444
886089
886476
887191
887332
887610
887755
888131
888496
888818
889832
890089
890880
891688
893689
895945
896000
896829
897966
899166
900507
901185
901253
901351
901488
902477
903215
903810
904004
904172
905805
908103
908549
909132
910062
910242
910747
912340
912577
913763
913875
913970
917573
918120
919641
919687
920180
921433
922130
929185
929734
929881
929914
930218
931359
932155
932211
932929
933058
937014
937150
937282
937938
939986
940325
942769
945165
945516
949856
950546
950927
951236
951514
952704
953683
953799
955749
956276
957337
957348
959970
960187
961228
961980
962896
962949
963059
963200
963797
964105
964136
964903
965950
966192
973869
974362
974694
977446
978447
981117
981428
981473
982118
983721
984221
986350
988826
990474
991634
992240
994330
996544
996750
996968
997359
997555
998191
998219
999473
