534398
277585
887191
960187
298478
198851
168213
774111
766565
383619
353846
937150
603390
327971
297457
741948
650540
742394
910062
419203
241599
530986
349983
433450
101430
28340
542024
996968
22340
172515
649563
304722
953683
937938
331541
578977
138542
395466
254384
487256
508087
473606
34713
236313
126094
164183
937014
843734
435800
633238
299461
964136
519780
210922
628645
582742
369198
912577
135692
859367
246728
767178
861213
474623
826668
929185
485980
601667
904004
632675
372611
26136
190051
232271
731880
103209
849591
882125
781616
546726
452648
24383
536493
889832
419829
966192
435913
105037
36808
800675
192460
922130
743390
307740
981473
52963
43063
187505
871179
14320
855097
552564
908103
469728
781655
287692
422587
120148
816412
399004
104518
228365
710423
887332
919687
121643
212784
505818
919641
216734
217381
582431
22728
63690
207614
24680
595898
156071
310837
327779
155965
390873
319287
932155
12875
713008
290143
22483
176186
435161
308073
77308
567168
234254
996750
787270
611443
140098
588767
515555
195410
502437
471935
763849
803
921433
929914
464396
260765
803257
951514
324768
741527
240651
686438
962896
810924
918120
331585
138813
176283
422660
763444
27034
535090
1382
794614
106413
556497
843821
973869
679392
535286
526083
38590
679022
433502
193618
990474
362612
676402
98357
197264
116729
708108
887610
190309
478676
640400
677508
548483
446561
476904
956276
171725
75757
353608
258648
644076
168909
807916
610592
105284
116582
417220
117130
706035
311344
123197
823877
899166
642558
670546
796534
738496
199924
399369
442027
821151
963059
592938
281170
181576
276852
427007
806401
424814
908549
263214
281773
84352
830121
306001
288508
508533
423365
376416
458227
254285
575677
431347
357761
107501
845740
846744
754532
671792
826539
903215
20849
397479
997555
138018
762015
471932
98727
290939
281329
683523
686325
372947
183730
576883
288635
848876
428004
227010
676760
20264
965950
369033
480626
732169
254925
865286
430886
21777
515322
590398
60905
675533
716157
588772
26835
155723
777471
631022
87347
220965
331601
432687
89216
493350
649595
949856
325007
124641
162551
508637
607891
503133
647862
160758
323684
563346
187563
126365
997359
390328
652602
324784
407214
664933
695956
283166
171324
202896
461642
160478
467699
184857
440998
42369
885121
237830
95873
191089
508604
281359
429736
597343
981428
600027
522291
656697
104805
228861
799742
526521
675884
202207
472229
662727
357568
912340
854219
472007
929881
347660
709519
197630
374269
640502
185059
983721
463144
190049
850091
316204
109164
334832
50972
469530
296718
698128
411857
234472
352658
548161
501139
474832
255775
86188
597879
614121
84464
942769
839891
761361
566812
99355
686700
149111
179129
887755
902477
658783
485957
649717
131189
262565
767532
910747
775701
389546
992240
964105
387107
619568
419195
463477
231015
939986
724762
515268
133713
260389
917573
776289
718960
63607
96090
306456
646555
166845
602273
904172
137340
355110
632686
961228
800621
964903
274004
773129
249264
886476
375178
486789
571655
781220
796940
568607
303990
688829
729056
380995
735945
6279
537614
127822
6013
208883
764653
394785
910242
6433
474083
414526
981117
176757
8761
434422
263839
824705
61138
783972
836276
399791
620490
931359
9229
99661
368095
192785
131467
152640
72623
838537
746039
998191
261743
517065
360920
115262
772845
735530
590472
41979
201941
165638
42684
714437
462250
328121
800663
702528
108228
176102
621295
221950
260768
679456
901185
14767
436171
193531
727519
838982
40156
950546
613232
974362
256446
962949
357237
347603
115853
588524
415489
731379
239136
526876
554596
82221
453232
208548
561632
44645
646691
855784
15505
737255
959970
243269
518106
325779
353510
743517
89391
453259
461774
955749
844728
750949
913763
811007
101507
738060
345217
740165
483337
407920
517412
101090
59161
119656
313333
747880
637187
439518
909132
186823
462804
487636
640541
68879
262274
655992
945165
594480
530868
401795
275766
596263
932929
977446
469277
584333
562517
603743
945516
198861
327380
784717
16258
886089
574005
47212
649142
616420
123186
703651
836827
427052
304438
978447
253519
202433
293271
680081
184210
787805
293865
80766
854146
124737
756080
888131
176740
149343
994330
592129
901488
754119
878091
123407
504383
220793
901253
184330
982118
139832
32811
136572
957337
238390
544963
913970
313022
554814
760261
999473
570265
672107
27439
373325
90139
591630
329438
412280
396132
225036
458979
814031
461666
372161
337866
428319
213773
604657
754976
366818
181621
42705
831587
328960
84551
679631
896829
745227
465131
780054
769989
325973
950927
528709
604627
340391
80215
380466
174713
873913
365464
789135
373367
805491
91163
564557
412211
612703
240274
387558
273239
335423
334181
784654
593902
768890
809183
801103
443724
453715
564902
683624
590941
521842
332168
558620
57361
618611
812878
893689
398483
536144
818880
524547
870119
148002
633548
150836
43836
666124
171515
614346
139369
848263
22737
664108
830513
589483
131000
396140
560484
870401
731561
541060
126077
453305
937282
417748
583545
636649
174632
117260
497534
778887
198586
235331
769151
341841
582081
812615
996544
475658
644453
285428
844159
913875
883930
963200
397184
459126
274421
210442
399320
831023
561761
172389
454569
642564
580796
469221
758881
592375
632099
327534
162417
112759
77648
787632
10065
707512
749040
25093
371609
325020
295052
27734
4670
609050
857561
43789
453406
896000
783217
470633
901351
951236
632512
654441
781304
393373
752978
582252
684294
575385
348177
483798
11491
106928
711872
295789
570198
440128
97315
251697
377006
840937
168506
97599
125269
629511
729538
932211
365672
620705
694988
20665
929734
94915
604550
202367
211398
58240
766465
749547
600687
779460
701714
374639
507170
575526
155008
961980
761683
323031
953799
73109
85223
703121
798018
522928
506494
309359
810214
933058
154517
986350
104457
905805
343181
795829
549182
485438
727007
749989
869509
522541
424792
215269
329511
844553
558629
193829
895945
438593
880906
159373
957348
595484
157448
804785
858844
592761
897966
974694
493361
173036
1856
758085
328694
903810
845244
703441
494432
131609
73627
562930
732154
517462
98
797680
725686
154598
395341
439127
339585
879215
988826
28966
900507
503900
646794
635078
434556
784076
214946
44895
269279
709576
432484
890880
706136
294955
282062
147734
480071
888496
374710
998219
798088
532219
492622
388808
429251
963797
162446
303912
930218
445006
984221
586824
554108
841066
885444
401216
952704
316871
713298
888818
97278
172978
940325
664324
783433
750098
693865
183155
65287
451170
221206
244904
371947
746499
714604
616986
596619
372292
891688
776748
600675
885240
462441
816602
732536
595425
131047
216323
672691
31286
763971
341814
718920
920180
675372
84916
991634
858554
274846
487312
157366
168077
736801
683147
15268
453187
592446
656482
655523
137217
890089
278210
849042
512159
735885
813811
385962
419186
417554
